0.3366574062970466
0.34726857739550504
0.3578629929651575
0.3684289671538181
0.3789738734977467
0.38952156711094543
0.39999283557420673
0.410486709227977
0.42093764065339395
0.43137030318343866
0.4417743331926273
0.4521583290700006
0.46253226824793653
0.47286569067276707
0.48319096533349043
0.4934942322554121
0.5037837961094831
0.514051927178264
0.5243025961419049
0.5345339757474649
0.5447486543629403
0.5549481398949522
0.5651271387182242
0.5752903858793047
0.585445207887421
0.5955671042199755
0.6056825870070093
0.6157834971812215
0.6258682660186587
0.6359402091988231
0.6459995045877724
0.6560426733609966
0.6660687561579692
0.6760835052563169
0.6860874658577117
0.6960666804654863
0.706048961347788
0.716010230560826
0.7259509090576506
0.7358869540222109
0.7458109895589866
0.7557176942324907
0.7656197483887891
0.7755060702871169
0.7853819600436435
0.7952442253401941
0.8051023221482855
0.8149467032045002
0.8247788716329879
0.8345945969068824
0.8443972365925797
0.8541943698599924
0.8639833362026964
0.8737658303259136
0.8835287683424353
0.8932890164409316
0.9030413732725434
0.9127781385478823
0.9225083735347401
0.9322297122385163
0.9419288758763082
0.951631977221059
0.9613263549885219
0.971006830554192
0.9806884931495341
0.9903459993477655
1.0000068900852226
1.0096517125368045
1.0192965060495296
1.0289348182201976
1.0385583905226803
1.0481725347968978
1.0577864705503202
1.0673855406923551
1.0769865009255983
1.0865388021129425
1.096121375690563
1.1057029050189695
1.1152458995807812
1.1248047383496196
1.1343754439297276
1.1438898188123638
1.1534259819069816
1.1629642709934092
1.1724697352884959
1.181987120713707
1.191476220839029
1.2009745486816494
1.2105186355336963
1.2200342741984664
1.2296355760048923
1.2389091981030194
1.2484075623735336
1.2581074758759003
1.2673148755243966
1.27674247835305
1.2863590626630834
1.2959000412952821
1.3051234902478266
1.3144471202328645