0.8395034640732435
0.8519384608544944
0.8643657433185875
0.8767734901618228
0.8891641442313424
0.9015420206002726
0.9139056341110227
0.9262530403914334
0.9385720099744685
0.9508891672501242
0.963187923654024
0.9754764311585323
0.9877501835469804
1.0000124267202224
1.0122524541171476
1.0244903760139032
1.0367067752318408
1.0489153904204978
1.0611067395890972
1.073284285186609
1.0854404129303445
1.0976069058058233
1.1097329061883936
1.1218667995504408
1.1339808676434662
1.1460965006189203
1.1582079286686269
1.1702678489653051
1.1823534444500068
1.194438701360247
1.206758877626646
1.218653424128027
1.230845414496054
1.2427322921260937
1.2546326144977367
1.2665826478230322
1.2785364139432764
1.2905262244675848
1.3025058788211923
1.3144441531606141
