0.339
0.339
0.339
0.339
0.33620885554299873
0.3334149171475964
0.33669316324834214
0.3369473387583709
0.3372017686983395
0.3374564533229327
0.33771139288709007
0.3379665876460063
0.3382220378551315
0.3384777437701718
0.33873370564708893
0.338989923742101
0.3392463983116827
0.33950312961256524
0.33976011790173666
0.34001736343644273
0.34027486647418637
0.3405326272727289
0.3407906460900889
0.3410489231845433
0.34130745881462743
0.3415662532391359
0.34182530671712263
0.34208461950790015
0.3423441918710406
0.3426040240663766
0.34286411635400027
0.3431244689942641
0.3433850822477813
0.34364595637542616
0.343907091638334
0.3441684882979015
0.3444301466157871
0.34469206685391085
0.34495424927445506
0.3452166941398649
0.34547940171284774
0.34574237225637394
0.3460056060336776
0.3462691033082561
0.34653286434387054
0.34679688940454545
0.34706117875457054
0.34732573265849953
0.34759055138115147
0.34785563518760987
0.3481209843432236
0.3483865991136075
0.3486524797646424
0.3489186265624753
0.34918503977351945
0.3494517196644549
0.34971866650222827
0.34998588055405344
0.3502533620874122
0.3505211113700537
0.35078912866999534
0.3510574142555223
0.3513259683951888
0.3515947913578181
0.3518638834125023
0.35213324482860253
0.3524028758757498
0.35267277682384535
0.35294294794306036
0.35321338950383585
0.35348410177688416
0.35375508503318875
0.354026339544004
0.35429786558085574
0.3545696634155422
0.35484173332013325
0.3551140755669713
0.3553866904286709
0.3556595781781198
0.3559327390884788
0.35620617343318295
0.35647988148593956
0.3567538635207308
0.35702811981181304
0.3573026506337169
0.35757745626124837
0.35785253696948804
0.35812789303379167
0.35840352472979187
0.35867943233339594
0.35895561612078764
0.3592320763684269
0.3595088133530506
0.35978582735167297
0.360063118641585
0.36034068750035564
0.3606185342058321
0.3608966590361389
0.3611750622696792
0.3614537441851353
0.3617327050614676
0.362011945177916
0.36229146481400054
0.36257126424952024
0.36285134376455486
0.36313170363946456
0.36341234415488954
0.3636932655917513
0.36397446823125224
0.36425595235487673
0.36453771824439074
0.3648197661818422
0.36510209644956104
0.365384709330161
0.36566760510653706
0.36595078406186854
0.3662342464796178
0.3665179926435309
0.3668020228376381
0.3670863373462536
0.3673709364539772
0.367655820445693
0.3679409896065695
0.3682264442220613
0.3685121845779089
0.3687982109601389
0.36908452365506395
0.3693711229492831
0.3696580091296824
0.3699451824834352
0.370232643298003
0.3705203918611337
0.37080842846086437
0.3710967533855194
0.3713853669237126
0.37167426936434644
0.3719634609966127
0.3722529421099925
0.3725427129942567
0.3728327739394657
0.373123125235971
0.37341376717441466
0.37370470004572964
0.3739959241411399
0.3742874397521614
0.3745792471706013
0.3748713466885598
0.37516373859842833
0.3754564231928912
0.375749400764926
0.3760426716078036
0.37633623601508814
0.37663009428063843
0.3769242466986067
0.3772186935634396
0.37751343516987923
0.37780847181296195
0.37810380378801955
0.37839943139068
0.378695354916867
0.3789915746628001
0.3792880909249954
0.3795849040002657
0.37988201418572176
0.38017942177877107
0.38047712707711856
0.378570503968977
0.3788072990806551
0.3790443312244769
0.379281600637712
0.37951910755786744
0.37975685222268774
0.3799948348701556
0.38023305573849164
0.3804715150661555
0.3807102130918447
0.38094915005449637
0.3811883261932867
0.3814277417476313
0.3816673969571853
0.3819072920618445
0.38214742730174356
0.38238780291725827
0.3826284191490046
0.3828692762378396
0.3831103744248616
0.3833517139514102
0.3835932950590666
0.38383511798965375
0.3840771829852363
0.38431949028812173
0.38456204014086026
0.38480483278624456
0.3850478684673102
0.3852911474273357
0.38553466990984364
0.38577843615860075
0.38602244641761696
0.38626670093114646
0.3865111999436883
0.38675594369998656
0.38700093244502987
0.3872461664240523
0.38749164588253304
0.3877373710661973
0.3879833422210164
0.3882295595932077
0.3884760234292348
0.3887227339758086
0.38896969147988636
0.38921689618867283
0.3894643483496203
0.3897120482104288
0.3899599960190461
0.3902081920236675
0.390456636472738
0.3907053296149505
0.39095427169924735
0.3912034629748198
0.3914529036911083
0.3917025940978034
0.39195253444484557
0.39220272498242514
0.3924531659609829
0.3927038576312112
0.3929548002440526
0.39320599405070067
0.39345743930260046
0.3937091362514489
0.3939610851491948
0.39421328624803986
0.394465739800437
0.3947184460590931
0.3949714052769673
0.3952246177072718
0.3954780836034726
0.39573180321928914
0.39598577680869496
0.39624000462591824
0.3964944869254412
0.3977741862838226
0.39905516662254215
0.4003374292238622
0.4016209753713298
0.3986808925764993
0.3990215356481247
0.3993625197038062
0.39970384508486845
0.4000455121329787
0.400387521190146
0.40072987259872184
0.4010725667014001
0.401415603841218
0.4017589843615563
0.4021027086061393
0.40244677691903563
0.40279118964465743
0.40313594712776224
0.40348104971345267
0.4038264977471768
0.40417229157472834
0.4045184315422472
0.40486491799622026
0.4052117512834812
0.4055589317512096
0.40590645974693373
0.4062543356185295
0.4066025597142211
0.4069511323825812
0.4073000539725311
0.4076493248333417
0.40799894531463377
0.40834891576637755
0.40869923653889373
0.406697218294256
0.40469319602735254
0.4070480929544845
0.409405347135797
0.4117649609309044
0.40777820750470656
0.4081103357322174
0.40844279642041625
0.40877558990209684
0.4091087165103855
0.40944217657874216
0.40977597044096115
0.4101100984311703
0.41044456088383185
0.41077935813374333
0.4111144905160371
0.4114499583661808
0.4117857620199783
0.4121219018135691
0.4124583780834299
0.4118667654659383
0.411274560643625
0.4106817630236912
0.41008837201274684
0.4094943870168066
0.4130359992422366
0.4165811566250497
0.42012986271394936
0.4137713875188097
0.4074065474836317
0.41465544682812583
0.4219116023281302
0.4143157161663855
0.4149258487923919
0.41553659216176797
0.416147946885868
0.41675991357665865
0.4173724928467193
0.41798568530924207
0.41859949157803467
0.4192139122675167
0.4198289479927233
0.420444599369306
0.41756926834859825
0.4180754208698101
0.41858208005020225
0.4190892463969411
0.419596920417701
0.4201051026206635
0.4206137935145198
0.4211229936084697
0.41973812272291333
0.4201528736293875
0.420568039701934
0.42098362135613465
0.42139961900798717
0.421816033073906
0.4222328639707218
0.4226501121156825
0.42306777792645356
0.42348586182111925
0.4239043642181817
0.42258428922196184
0.42285882424795296
0.4231336340837797
0.42340871900452703
0.4236840792855552
0.4239597152025003
0.4242356270312744
0.42451181504806557
0.42478827952933784
0.4250650207518327
0.4253420389925684
0.4256193345288406
0.4258969076382222
0.426174758598564
0.4264528876879954
0.42673129518492403
0.4270099813680359
0.4272889465162959
0.4275681909089488
0.4278477148255184
0.42812751854580844
0.4284076023499026
0.4286879665181649
0.42896861133124053
0.4292495370700553
0.4295307440158156
0.42981223245001043
0.43009400265440956
0.43037605491106534
0.4306583895023126
0.4309410067107682
0.4312239068193324
0.4315070901111884
0.43179055686980305
0.4320743073789268
0.4323583419225947
0.4326426607851248
0.4329272642511208
0.4332121526054711
0.433497326133349
0.43378278512021384
0.4340685298518103
0.4343545606141692
0.4346408776936075
0.434927481376729
0.4352143719504238
0.43550154970186994
0.4357890149185324
0.4360767678881645
0.4352152696588795
0.4343529090690055
0.43348968525531717
0.43597471792424103
0.4362233236051057
0.4364721781405059
0.4367212817795447
0.4369706347715756
0.43722023736620086
0.43747008981327307
0.4377201923628953
0.4379705452654199
0.43822114877145024
0.43847200313184076
0.43872310859769703
0.4389744654203762
0.43922607385148615
0.4394779341428876
0.4397300465466927
0.43998241131526616
0.440235028701226
0.4404878989574419
0.44074102233703716
0.4409943990933891
0.44124802948012776
0.44150191375113756
0.441756052160557
0.4420104449627793
0.44226509241245093
0.4425199947644747
0.44277515227400777
0.4430305651964632
0.44328623378750964
0.4435421583030712
0.44379833899932897
0.44405477613272026
0.44431146995993864
0.4445684207379348
0.4448256287239172
0.44508309417535097
0.44534081734995956
0.44559879850572415
0.4458570379008837
0.44611553579393637
0.4463742924436387
0.4466333081090066
0.4468925830493147
0.44715211752409756
0.44741191179314965
0.44767196611652516
0.4479322807545385
0.44819285596776504
0.4484536920170408
0.44871478916346286
0.44897614766838956
0.44923776779344116
0.4494996498004997
0.44976179395170957
0.450024200509477
0.4502868697364715
0.4505498018956253
0.450812997250134
0.45107645606345614
0.4513401785993145
0.4516041651216951
0.4518684158948487
0.4521329311832907
0.45239771125180095
0.4526627563654251
0.4529280667894735
0.453193642789522
0.4534594846314126
0.45372559258125267
0.4539919669054171
0.45425860787054684
0.45452551574354993
0.4547926907916011
0.45506013328214334
0.45532784348288624
0.4555958216618079
0.45586406808715485
0.4561325830274423
0.4564013667514535
0.4566704195282414
0.4569397416271279
0.4572093333177052
0.4574791948698349
0.4577493265536483
0.458019728639548
0.4582904013982063
0.45856134510056723
0.45883256001784534
0.459104046421527
0.4593758045833707
0.45964783477540627
0.4599201372699364
0.4601927123395364
0.46046556025705376
0.4607386812956098
0.46101207572859915
0.46128574382968957
0.4615596858728228
0.46183390213221576
0.4621083928823586
0.46238315839801714
0.46265819895423177
0.4629335148263185
0.4632091062898689
0.46348497362075025
0.4637611170951059
0.4640375369893557
0.4643142335801964
0.4645912071446012
0.46486845795982124
0.4651459863033849
0.4654237924530982
0.4657018766870453
0.4659802392835888
0.4662588805213699
0.46653780067930906
0.4668170000366054
0.46709647887273786
0.46737623746746504
0.4676562761008256
0.4679365950531382
0.46746167226841073
0.4669862740855004
0.4665104000285325
0.4679640897829637
0.4694192346822934
0.470875836183124
0.4723338957435157
0.4737934148229854
0.47525439488251564
0.46955789447798246
0.46895726641495367
0.4683560371226321
0.4703513953270515
0.472348750887031
0.47434810580192455
0.4711067138627304
0.4678620772869593
0.47161264198896785
0.47536696100999976
0.472118966039596
0.46886771982297404
0.47262997508277094
0.476395996363852
0.47314839352739235
0.4698975398372447
0.4736573724823862
0.47742096872377005
0.4741661027070462
0.47090797856617783
0.47464462073841324
0.4783850032932051
0.4749800890157114
0.47544126987826235
0.4759029123833183
0.47636501699298384
0.47682758416982596
0.4772906143768756
0.47775410807762597
0.4782180657360344
0.47868248781652323
0.4791473747839792
0.4796127271037549
0.4800785452416685
0.48054482966400425
0.48101158083751416
0.48147879922941605
0.4819464853073958
0.4824146395396074
0.4828832623946737
0.4833523543416871
0.4800178456229023
0.48028718362869716
0.4805567912421058
0.4808266687330056
0.48109681637154367
0.4813672344281381
0.481637923173478
0.48190888287852296
0.4821801138145039
0.48245161625292354
0.48272339046555546
0.48299543672444667
0.48326775530191535
0.48354034647055255
0.48381321050322246
0.48408634767306213
0.4843597582534822
0.4846334425181671
0.48490740074107497
0.4851816331964385
0.4854561401587645
0.4857309219028345
0.48600597870370565
0.48628131083670945
0.48655691857745365
0.48683280220182223
0.487108961985975
0.4873853982063483
0.48766211113965485
0.48793910106288463
0.48821636825330517
0.48849391298846045
0.4887717355461738
0.4890498362045459
0.48932821524195513
0.4896068729370595
0.4898858095687959
0.4901650254163801
0.49044452075930733
0.4907242958773528
0.4910043510505713
0.49128468655929836
0.4915653026841502
0.4918461997060237
0.49212737790609795
0.49240883756583176
0.49269057896696644
0.49297260239152574
0.49325490812181516
0.49353749644042333
0.4938203676302215
0.4941035219743639
0.4943869597562889
0.49467068125971725
0.4949546867686545
0.49523897656739035
0.4955235509404994
0.4958084101728404
0.4960935545495584
0.49637898435608263
0.4966646998781288
0.4969507014016987
0.4972369892130801
0.49752356359884686
0.4978104248458606
0.49809757324127
0.4983850090725106
0.49867273262730594
0.49896074419366787
0.4992490440598958
0.4995376325145786
0.4998265098465935
0.5001156763451067
0.5004051322995742
0.5006948779997415
0.5009849137356448
0.5012752397976101
0.5015658564762544
0.5018567640624849
0.5021479628475003
0.5024394531227909
0.5027312351801387
0.5030233093116181
0.5033156758095954
0.5036083349667297
0.5039012870759734
0.5041945324305721
0.5044880713240643
0.5047819040502826
0.5027360339730482
0.5006881159778196
0.4986381480146278
0.5034244668075025
0.5082155767102776
0.5039137260003514
0.499607569133552
0.5044223278643998
0.5092419061735569
0.5140663088854254
0.5050828552507676
0.505367746515275
0.5056529229562234
0.505938384859075
0.5062241325095769
0.5065101661937628
0.5067964861979528
0.5070830928087537
0.5073699863130592
0.5076571669980494
0.5079446351511927
0.5082323910602451
0.5085204350132504
0.5088087672985409
0.5090973882047374
0.50938629802075
0.5096754970357777
0.5099649855393094
0.510254763821123
0.5105448321712871
0.5108351908801596
0.5111258402383907
0.5114167805369203
0.5117080120669797
0.5119995351200923
0.5122913499880728
0.5125834569630281
0.5128758563373574
0.5131685484037538
0.5134615334552015
0.5137548117849793
0.5140483836866587
0.5143422494541059
0.5146364093814806
0.514930863763237
0.5152256128941242
0.5155206570691864
0.5158159965837634
0.5161116317334902
0.5164075628142977
0.5167037901224132
0.5170003139543609
0.5172971346069608
0.5175942523773314
0.5178916675628877
0.5181893804613424
0.5184873913707069
0.5187857005892897
0.5190843084156989
0.5193832151488409
0.5196824210879221
0.5199819265324477
0.520281731782223
0.5205818371373538
0.5208822428982454
0.5211829493656042
0.5214839568404377
0.5217852656240545
0.522086876018065
0.5223887883243818
0.5226910028452194
0.5229935198830944
0.5232963397408275
0.5235994627215412
0.5239028891286623
0.5242066192659207
0.5245106534373507
0.5248149919472906
0.5251196351003833
0.5254245832015771
0.5257298365561252
0.5260353954695867
0.5235300073652155
0.5210221113648448
0.5240110401739384
0.5270029609037614
0.5299978765492313
0.5329957901082594
0.5359967045817626
0.525020231578029
0.5253393633255077
0.525658814524185
0.5259785854938317
0.5262986765545392
0.5266190880267185
0.5269398202311022
0.5272608734887436
0.5275822481210177
0.5279039444496205
0.52822596279657
0.5285483034842069
0.5288709668351945
0.5291939531725194
0.5295172628194913
0.5298408960997438
0.5301648533372338
0.5304891348562428
0.5308137409813769
0.5311386720375673
0.5314639283500697
0.5317895102444665
0.5321154180466654
0.5324416520829005
0.5327682126797328
0.5330951001640494
0.5334223148630648
0.5337498571043211
0.5340777272156889
0.5344059255253661
0.5347344523618798
0.5350633080540859
0.5353924929311691
0.5357220073226441
0.5360518515583546
0.5363820259684751
0.5367125308835106
0.5370433666342969
0.5373745335520006
0.5377060319681202
0.5380378622144861
0.5383700246232608
0.538702519526939
0.5390353472583485
0.5364564349469544
0.5338749411417556
0.5312908632586737
0.5371902062296952
0.543095454448931
0.537646679415693
0.5321924501531896
0.5380137966792998
0.5384280343681682
0.5388426867093781
0.5392577541179966
0.5396732370095063
0.5400891357998061
0.540505450905211
0.5409221827424533
0.5413393317286821
0.5417568982814633
0.5421748828187822
0.5425932857590414
0.5430121075210628
0.5434313485240869
0.5438510091877751
0.5442710899322072
0.5446915911778851
0.5451125133457309
0.5427733268191367
0.5404317987644891
0.5432296000787129
0.5460302019948529
0.5488336073163147
0.5440559970342478
0.5392736043595079
0.5443923440403099
0.5495162075846522
0.5450246354756377
0.5405285672984483
0.5454289887477941
0.5503343155239158
0.5457624694197507
0.5411860468930527
0.5464230227055947
0.5516652407361704
0.5470361796111766
0.5472943726633117
0.5475528241669505
0.5478115343808034
0.5480705035638394
0.5483297319752869
0.5485892198746334
0.5488489675216268
0.549108975176275
0.5493692430988457
0.5496297715498675
0.5498905607901292
0.5501516110806814
0.5504129226828358
0.5506744958581653
0.5509363308685051
0.5511984279759523
0.5514607874428663
0.5517234095318695
0.5519862945058465
0.5522494426279454
0.5525128541615782
0.5527765293704205
0.5530404685184109
0.5533046718697527
0.5535691396889135
0.5538338722406257
0.5540988697898872
0.5543641326019606
0.5546296609423749
0.5548954550769236
0.5551615152716673
0.5554278417929326
0.5556944349073125
0.5559612948816666
0.5562284219831217
0.5564958164790725
0.5567634786371813
0.5570314087253785
0.5572996070118621
0.5575680737650988
0.5578368092538242
0.5581058137470427
0.5583750875140279
0.5586446308243234
0.5589144439477425
0.5591845271543683
0.5594548807145545
0.5597255048989254
0.5599963999783757
0.5602675662240717
0.5605390039074509
0.5608107133002231
0.5610826946743697
0.5613549483021445
0.5616274744560732
0.5619002734089549
0.5621733454338613
0.5624466908041383
0.5627203097934046
0.562994202675553
0.5632683697247507
0.563542811215439
0.5638175274223343
0.5640925186204273
0.5643677850849849
0.564643327091549
0.5649191449159376
0.5651952388342445
0.56547160912284
0.5657482560583711
0.5660251799177614
0.5663023809782126
0.5665798595172031
0.5668576158124885
0.5671356501421037
0.5674139627843613
0.5676925540178526
0.5679714241214471
0.5682505733742946
0.5685300020558235
0.5688097104457421
0.569089698824039
0.5693699674709827
0.5696505166671224
0.5699313466932885
0.5702124578305916
0.5704938503604242
0.5707755245644608
0.5710574807246576
0.5713397191232528
0.5716222400427675
0.5719050437660058
0.5721881305760539
0.572471500756282
0.572755154590344
0.573039092362178
0.5733233143560061
0.5736078208563344
0.5738926121479546
0.5741776885159431
0.5744630502456614
0.5747486976227567
0.5750346309331622
0.575320850463098
0.5756073564990698
0.5738007763943768
0.5719923879011901
0.574246434988357
0.5765027383789132
0.578761300331422
0.5748800580424741
0.5709949306261102
0.5754971982754323
0.5800039726991777
0.5760217371329429
0.5763011562678234
0.5765808551015374
0.576860833914064
0.5771410929856617
0.5774216325968706
0.5777024530285111
0.5779835545616849
0.5782649374777746
0.5785466020584449
0.5788285485856424
0.5791107773415958
0.5793932886088162
0.5796760826700977
0.5799591598085179
0.5802425203074366
0.5805261644504984
0.5808100925216313
0.5810943048050472
0.5813788015852437
0.5816635831470021
0.5819486497753887
0.5822340017557555
0.5825196393737402
0.5828055629152662
0.5830917726665432
0.5833782689140674
0.583665051944622
0.583952122045277
0.5842394795033901
0.5845271246066066
0.5848150576428595
0.5851032789003701
0.5853917886676478
0.5856805872334916
0.5859696748869889
0.5862590519175166
0.5865487186147411
0.5868386752686197
0.5871289221693996
0.5874194596076179
0.5877102878741027
0.5880014072599735
0.5882928180566409
0.5885845205558073
0.5888765150494673
0.5891688018299073
0.5894613811897069
0.5897542534217386
0.590047418819168
0.5903408776754533
0.5906346302843473
0.5891137245061987
0.5875912962998449
0.5860673441413322
0.584541866505182
0.5901240773112979
0.5957118759160238
0.5905496133898911
0.5853821834338007
0.5908729455129291
0.59
0.59
0.59
0.59
0.59
0.59
0.59
0.59
0.59
0.5935643308290223
0.5971322295567703
0.5938847465623264
0.5906340128341547
0.5873800251182644
0.5945253203644425
0.5947782032015115
0.5950313391745536
0.595284728536958
0.5955383715423677
0.5957922684446795
0.5960464194980444
0.596300824956868
0.5965554850758108
0.5968104001097874
0.5970655703139678
0.5973209959437777
0.5975766772548989
0.5978326145032686
0.5980888079450801
0.5983452578367832
0.5986019644350848
0.5988589279969485
0.5991161487795946
0.5993736270405017
0.5996313630374059
0.599889357028301
0.6001476092714391
0.600406120025331
0.6006648895487467
0.6009239181007144
0.601183205940522
0.6014427533277165
0.6017025605221051
0.6019626277837551
0.6022229553729943
0.602483543550411
0.6027443925768543
0.603005502713434
0.6032668742215215
0.6035285073627501
0.603790402399015
0.6040525595924733
0.6043149792055447
0.6045776615009115
0.6048406067415191
0.6051038151905763
0.6053672871115545
0.6056310227681891
0.6058950224244799
0.6061592863446912
0.6064238147933514
0.6066886080352536
0.606953666335456
0.6072189899592824
0.607484579172322
0.6077504342404298
0.6080165554297272
0.6082829430066012
0.6085495972377064
0.6088165183899639
0.6090837067305619
0.6093511625269565
0.609618886046871
0.6098868775582968
0.6101551373294938
0.6104236656289901
0.6106924627255832
0.6109615288883392
0.6112308643865936
0.6115004694899515
0.6117703444682878
0.6120404895917473
0.6123109051307458
0.6125815913559693
0.6128525485383751
0.6131237769491917
0.6133952768599191
0.6136670485423286
0.6139390922684644
0.6142114083106425
0.6144839969414511
0.6147568584337519
0.6150299930606797
0.6153034010956424
0.6155770828123217
0.6158510384846734
0.6161252683869276
0.6163997727935886
0.6166745519794352
0.6169496062195221
0.6172249357891784
0.6175005409640095
0.6177764220198962
0.6180525792329963
0.6183290128797432
0.6186057232368474
0.618882710581296
0.6191599751903536
0.6194375173415625
0.6197153373127422
0.6199934353819907
0.6202718118276849
0.62055046692848
0.6208294009633104
0.6211086142113889
0.621388106952208
0.6216678794655406
0.6219479320314394
0.6222282649302369
0.6225088784425465
0.6227897728492631
0.6230709484315624
0.6233524054709008
0.6236341442490172
0.6239161650479326
0.6241984681499497
0.6244810538376546
0.6247639223939154
0.6250470741018841
0.6253305092449961
0.6256142281069703
0.6239240674498527
0.622232214940226
0.620538668884544
0.6188434275875654
0.6171464893523506
0.6251500147978423
0.625350273859016
0.6255507333797106
0.6257513935605861
0.6259522546025036
0.6261533167065252
0.6263545800739141
0.6265560449061351
0.6267577114048548
0.6269595797719416
0.6271616502094661
0.6273639229197008
0.6275663981051207
0.6277690759684038
0.6279719567124309
0.6281750405402857
0.6283783276552555
0.6285818182608307
0.628785512560706
0.6289894107587792
0.6291935130591528
0.6293978196661334
0.629602330784232
0.6298070466181644
0.6300119673728517
0.6302170932534195
0.630422424465199
0.6306279612137273
0.6308337037047467
0.6310396521442054
0.6312458067382583
0.6314521676932661
0.6316587352157963
0.6318655095126233
0.6320724907907285
0.6322796792573002
0.6324870751197345
0.6326946785856347
0.632902489862812
0.6331105091592857
0.6333187366832833
0.6335271726432408
0.6337358172478027
0.6339446707058227
0.6341537332263631
0.6343630050186959
0.6345724862923023
0.6370855027660159
0.6396010347717365
0.6421190848275131
0.637583098824127
0.6330425722942117
0.6381418926348377
0.6384047487668838
0.6386678680181812
0.6389312506521128
0.6391948969323247
0.6394588071227272
0.6397229814874947
0.6399874202910658
0.6402521237981444
0.6405170922736982
0.6407823259829613
0.6410478251914329
0.6413135901648777
0.641579621169327
0.6418459184710783
0.642112482336695
0.6423793130330082
0.6426464108271153
0.6429137759863814
0.6431814087784395
0.6434493094711904
0.6437174783328026
0.6439859156317134
0.6442546216366287
0.6445235966165239
0.6447928408406438
0.6450623545785015
0.6453321380998802
0.645602191674834
0.6458725155736866
0.6461431100670323
0.6464139754257365
0.646685111920936
0.646956519824039
0.6472281994067248
0.6475001509409448
0.6477723746989226
0.6480448709531546
0.6483176399764097
0.6485906820417302
0.6488639974224317
0.6491375863921036
0.6494114492246079
0.6496855861940818
0.6499599975749364
0.6502346836418578
0.6505096446698073
0.6507848809340209
0.6510603927100105
0.6513361802735638
0.6516122439007448
0.6518885838678927
0.6521652004516243
0.6524420939288331
0.6527192645766895
0.6529967126726417
0.6532744384944158
0.6535524423200154
0.653830724427723
0.654109285096099
0.6543881246039827
0.6546672432304925
0.6549466412550271
0.6552263189572638
0.6555062766171607
0.6557865145149553
0.6560670329311664
0.656347832146593
0.6566289124423152
0.6569102740996946
0.6571919174003749
0.657473842626281
0.65775605005962
0.6580385399828825
0.6583213126788408
0.6586043684305509
0.6588877075213522
0.6591713302348667
0.6594552368550015
0.6597394276659472
0.660023902952179
0.6603086629984571
0.6605937080898265
0.6608790385116177
0.6611646545494465
0.6592805265902276
0.6573945126170369
0.6555066107419716
0.6536168190752409
0.6601580052787497
0.6667057392161979
0.6604563429148488
0.6614215986266241
0.6623878205603324
0.6633550096831629
0.664323166963273
0.6652922933697898
0.6662623898728102
0.6672334574434009
0.6627591096937161
0.658280283117449
0.6631136913917479
0.6679519379125658
0.6636009217582889
0.6592455502324839
0.6548858189754228
0.6641409116429757
0.6734052686675511
0.6649667050072455
0.6565196943362679
0.664936051451344
0.6733608333483119
0.6655285281945362
0.6667073062554755
0.6678872642744338
0.6690684034325498
0.6702507249121465
0.6671266236765125
0.6639993952124144
0.6608690363894922
0.6678222945000379
0.6681116226889685
0.6684012404957056
0.6686911482101572
0.6689813461225209
0.669271834523286
0.6695626137032309
0.6698536839534257
0.6701450455652327
0.670436698830305
0.6707286440405877
0.6710208814883185
0.6713134114660269
0.6716062342665359
0.6718993501829615
0.6721927595087129
0.6724864625374933
0.6727804595632991
0.673074750880422
0.6733693367834479
0.6736642175672576
0.6739593935270274
0.6742548649582281
0.674550632156627
0.6748466954182879
0.6751430550395696
0.6754397113171289
0.6757366645479188
0.6760339150291901
0.6763314630584909
0.6766293089336672
0.6769274529528626
0.6772258954145196
0.6775246366173797
0.6778236768604826
0.6781230164431677
0.6784226556650748
0.6787225948261426
0.6790228342266114
0.6793233741670204
0.6796242149482106
0.6799253568713242
0.680226800237804
0.678655119228456
0.677081864964844
0.6755070358721387
0.673930630373933
0.6723526468922465
0.6804467038895249
0.6799836498083025
0.679520132209481
0.6790561506290793
0.6785917046026511
0.6781267936652855
0.6776614173516065
0.6771955751957714
0.6767292667314722
0.6762624914919335
0.6757952490099133
0.6823111846428441
0.6888336427338615
0.6831454821471498
0.6774516277060023
0.6717520737108522
0.6833040556231852
0.694867601080972
0.6841450339679391
0.6843278697410451
0.684510888532943
0.6846940905268348
0.6848774759061058
0.6850610448543251
0.6852447975552451
0.6854287341928027
0.6856128549511185
0.6857971600144976
0.6859816495674298
0.686166323794589
0.6863511828808344
0.6865362270112103
0.6867214563709461
0.6869068711454562
0.6870924715203413
0.6872782576813872
0.6874642298145661
0.6876503881060365
0.6878367327421431
0.6880232639094168
0.6882099817945759
0.6883968865845251
0.6885839784663561
0.6887712576273479
0.6889587242549673
0.6891463785368686
0.6893342206608937
0.6895222508150729
0.689710469187625
0.6898988759669564
0.6900874713416625
0.6902762555005275
0.6904652286325246
0.6906543909268159
0.6908437425727532
0.6910332837598774
0.6912230146779195
0.6914129355168006
0.6916030464666316
0.6917933477177138
0.6919838394605389
0.6921745218857891
0.6923653951843378
0.6925564595472493
0.6927477151657793
0.692939162231375
0.6931308009356749
0.6933226314705097
0.6935146540279018
0.693706868800066
0.6938992759794096
0.6940918757585322
0.6942846683302264
0.6944776538874782
0.6946708326234659
0.6948642047315616
0.6950577704053313
0.6993198675577984
0.7035862310737784
0.6992485932381955
0.699690264557735
0.7001323779907076
0.7005749339796696
0.7010179329676194
0.7014613753979995
0.7019052617146961
0.7023495923620398
0.7027943677848061
0.7032395884282159
0.7036852547379353
0.7041313671600773
0.7026593613072758
0.7011858819751424
0.6997109276887237
0.7031888146791124
0.7036773038745396
0.7041662820481407
0.7046557496893828
0.7051457072882239
0.705636155335112
0.7061270943209861
0.7066185247372765
0.7071104470759053
0.7076028618292876
0.7080957694903307
0.7059144302330719
0.703730907453032
0.7063717273799265
0.7090151907702094
0.7068278093494788
0.7046382383577576
0.7071957503399371
0.70975582239417
0.7123184570830912
0.7079363463422361
0.7083601068758872
0.7087842915942564
0.7092089009219529
0.7096339352840113
0.7100593951058913
0.7104852808134785
0.7109115928330851
0.7113383315914499
0.7117654975157395
0.712193091033547
0.7126211125728936
0.7130495625622295
0.7134784414304334
0.7139077496068138
0.7143374875211084
0.7147676556034854
0.7151982542845432
0.715629283995312
0.7160607451672525
0.7164926382322578
0.7169249636226533
0.7173577217711973
0.7177909131110809
0.7182245380759293
0.7186585970998016
0.714502544105705
0.7152442967829438
0.7159867919553546
0.7167300303661763
0.7174740127593919
0.7157800704995646
0.7140844326018403
0.7123870973688842
0.7165010267004897
0.7206190740794725
0.7247412436280065
0.7168011456047849
0.7173813758028671
0.7179621868119579
0.71854357921345
0.719125553589318
0.7197081105221184
0.7202912505949923
0.7208749743916627
0.7214592824964376
0.7220441754942102
0.7226296539704586
0.7202467886624058
0.7178615381037936
0.7204818758737198
0.7209640024413957
0.7214466116182483
0.72192970388737
0.7224132797323368
0.7228973396372083
0.7233818840865287
0.7224022287246156
0.7214215927267054
0.7226418869328645
0.7238634026547448
0.7250861411150851
0.72339303522686
0.7236456061933089
0.7238984299835478
0.7241515068506537
0.7244048370479568
0.724658420829041
0.7249122584477441
0.7251663501581576
0.7254206962146277
0.725675296871755
0.7259301523843948
0.726185263007658
0.7264406289969103
0.7266962506077734
0.7269521280961251
0.7272082617180988
0.7274646517300847
0.7277212983887291
0.7279782019509358
0.7282353626738651
0.7284927808149353
0.7287504566318224
0.7290083903824607
0.7292665823250413
0.7295250327180145
0.7297837418200896
0.7300427098902349
0.7303019371876778
0.7305614239719045
0.7308211705026619
0.7310811770399568
0.7313414438440557
0.7316019711754858
0.7318627592950353
0.7321238084637536
0.7323851189429509
0.7326466909941995
0.732908524879333
0.7331706208604474
0.7334329791999012
0.7336956001603154
0.7339584840045736
0.7342216309958232
0.7344850413974744
0.7347487154732015
0.7350126534869426
0.7352768557028995
0.7355413223855394
0.7358060537995934
0.736071050210058
0.7363363118821946
0.7366018390815305
0.7368676320738587
0.7371336911252386
0.7374000165019954
0.7376666084707206
0.7379334672982738
0.7382005932517803
0.7384679865986337
0.7387356476064946
0.7390035765432921
0.7392717736772232
0.7395402392767536
0.7398089736106181
0.7400779769478201
0.7403472495576315
0.7406167917095947
0.740886603673522
0.7411566857194951
0.7414270381178665
0.7416976611392594
0.7419685550545674
0.742239720134956
0.7425111566518616
0.7427828648769925
0.7430548450823287
0.7433270975401229
0.7435996225229
0.7438724203034572
0.7441454911548657
0.7444188353504697
0.7446924531638874
0.74496634486901
0.7452405107400037
0.7455149510513088
0.7457896660776402
0.7460646560939881
0.7463399213756174
0.7466154621980698
0.7468912788371611
0.7471673715689842
0.7458699685236262
0.7445712667765214
0.7432712650276683
0.7468616031369447
0.7472119729573329
0.747562693498262
0.7479137651108039
0.7482651881463811
0.7486169629567687
0.7489690898940937
0.7493215693108353
0.7496744015598258
0.7500275869942505
0.7503811259676483
0.7507350188339121
0.7510892659472901
0.7514438676623834
0.7502661259470434
0.749087205311068
0.7507602610151741
0.7524349914497126
0.7541113982910925
0.7511190058845858
0.7481236180902862
0.7520322678813002
0.7523962320677178
0.7527605605826502
0.7531252537907909
0.7534903120571979
0.7538557357472948
0.7542215252268711
0.754587680862083
0.754954203019452
0.7553210920658673
0.7556883483685852
0.75605597229523
0.7564239642137935
0.7549567182937325
0.7534880036590366
0.7554522458822119
0.7574184543138216
0.7558386667415264
0.7542572978002902
0.7567059240213256
0.7565981328940136
0.7564902338676751
0.7563822268343032
0.7562741116857826
0.7579414716575053
0.7581282554515376
0.7583152262163348
0.7585023841390546
0.7586897294070423
0.7588772622078307
0.7590649827291404
0.7592528911588798
0.7594409876851457
0.7596292724962226
0.7598177457805839
0.7600064077268915
0.7601952585239964
0.7603842983609381
0.7605735274269458
0.760762945911438
0.7609525540040227
0.761142351894498
0.7613323397728515
0.7615225178292615
0.7617128862540963
0.7619034452379148
0.7620941949714668
0.7622851356456932
0.7635681834223345
0.7648525155310848
0.7661381332575612
0.7674250378886684
0.7687132307125992
0.7700027130188358
0.7656009292455785
0.7652670707851227
0.7649328781320137
0.764598350951724
0.7662402970141016
0.7678838866661319
0.7663915115013183
0.7648976424674707
0.7673143929310468
0.7697335625642552
0.7679440540350551
0.767695005514987
0.767445707697101
0.7684483709108784
0.7694520377915364
0.7689585258520703
0.7684645199066589
0.7679700194608015
0.7693747121186644
0.7707808108752845
0.7701644492714393
0.769547470689012
0.7689298745104058
0.7683116601174071
0.7707287337061657
0.7731482267880061
0.7716559260580321
0.7718745507883357
0.772093394362213
0.772312456998727
0.7725317389171593
0.7727512403370116
0.7729709614780049
0.7731909025600803
0.7734110638033991
0.7736314454283428
0.7738520476555137
0.7740728707057352
0.7742939148000509
0.7745151801597265
0.7747366670062485
0.7749583755613256
0.7751803060468883
0.775402458685089
0.7756248336983029
0.7758474313091277
0.7760702517403837
0.7762932952151143
0.7765165619565864
0.7767400521882903
0.7769637661339399
0.7771877040174731
0.7774118660630518
0.7776362524950629
0.777860863538117
0.7780856994170502
0.7783107603569233
0.7785360465830224
0.7787615583208594
0.7789872957961714
0.7792132592349224
0.7794394488633014
0.779665864907725
0.7798925075948357
0.7801193771515031
0.780346473804824
0.7805737977821221
0.7808013493109489
0.781029128619084
0.7812571359345348
0.7814853714855365
0.7817138355005533
0.7819425282082779
0.782171449837632
0.7824006006177662
0.7826299807780606
0.7839170045568109
0.7852053166476516
0.7864949183401855
0.7877858109253042
0.7890779956951928
0.7845882405360929
0.7851266898503516
0.7856656781529128
0.7862052059833045
0.7867452738815941
0.7872858823883906
0.7878270320448442
0.7883687233926455
0.788910956974028
0.7894537333317682
0.7899970530091855
0.7874838449243793
0.7881372715609481
0.7887913522782353
0.7894460877309752
0.790101478574559
0.7907575254650334
0.791414229059102
0.792071590014126
0.7898214667003305
0.7875690910108446
0.7853144606910387
0.7905698175695266
0.7958304350655077
0.8010963184448663
0.7884558319169704
0.7908495717290911
0.7932457076771584
0.7956442421597085
0.7980451775776753
0.8004485163343986
0.7915766774077447
0.7925727837313788
0.7935698871584398
0.7945679886870298
0.7937787770655423
0.7929887754424314
0.792197983026905
0.7914063990273785
0.7941305783354874
0.7946119193788964
0.7950937422451716
0.7955760474166182
0.7960588353760243
0.7965421066066609
0.7970258615922834
0.7961588466839723
0.7952909638928696
0.7969164488943269
0.7985435610078984
0.7975370046029214
0.796529440633976
0.7979043062665209
0.7992805481409393
0.7979952679212605
0.7967087011347953
0.7954208464936876
0.7941317027087944
0.7996602636919875
0.7988591564990941
0.7998269324726643
0.800795677190953
0.8017653916236744
0.8027360767415148
0.8009741882796723
0.8007053714330719
0.8004362855005389
0.8001669302127181
0.8017870511082713
0.8034087937464616
0.8018418820723759
0.800273401918135
0.8024735743734038
0.8046759492035012
0.806880528613009
0.8039501439987612
0.8034172436986131
0.8028838099647311
0.8023498422631474
0.8045420202776669
0.8067363926645736
0.8051592212980858
0.8051898262272416
0.805220461791962
0.8052511280229135
0.8052818249507929
0.8053125526063278
0.806409891325287
0.8075083284814033
0.806980837869522
0.8064528192390101
0.807109606150156
0.8077670505056576
0.8084251529636166
0.8081259550186143
0.8078264575761694
0.8083826640171826
0.8089394272214006
0.8094967477461434
0.8100546261492894
0.8106130629892756
0.8111720588250977
0.8097620308834113
0.8083505915023439
0.8107579379744124
0.8131676942027077
0.8103977875618031
0.8076251082415773
0.8111935855933179
0.8118632403376345
0.81253356540702
0.813204561472471
0.8138762292056545
0.8128380831959083
0.8117988980009665
0.8128615151658235
0.8139251960115264
0.8149899416028203
0.8136162029057216
0.8138934150779543
0.8141709047398489
0.8144486721691726
0.8147267176439712
0.8150050414425682
0.8152836438435667
0.8155625251258474
0.8158416855685708
0.8161211254511767
0.8164008450533848
0.8166808446551947
0.8169611245368862
0.8172416849790198
0.8175225262624368
0.8178036486682596
0.818085052477892
0.8183667379730197
0.81864870543561
0.8189309551479123
0.8192134873924592
0.8194963024520658
0.8197794006098302
0.8200627821491338
0.8203464473536417
0.8198568096155058
0.819366681749504
0.8202733626106086
0.8211809510601622
0.8210647124364138
0.8209483574576866
0.8208318860075092
0.8207152979692937
0.8205985932263351
0.820481771661812
0.8203648331587859
0.8202477776002013
0.8201306048688853
0.8200133148475479
0.823786807263739
0.8240724260837071
0.8243583308083999
0.8246445217240086
0.8249309991170102
0.8252177632741686
0.8255048144825361
0.8257921530294503
0.8254295496777609
0.8250665833597537
0.8256875958426656
0.8263092299596946
0.8269314863330965
0.8264265561042273
0.8259211204396939
0.8272374179818793
0.8285550331392226
0.8278039447664254
0.8270521045534149
0.8282418083998763
0.8280831050878575
0.8279242429136646
0.8277652217182764
0.8276060413425124
0.8295780665828657
0.8315520658224571
0.8335280410372636
0.8355059942052367
0.8374859273063109
0.8282935289309966
0.8302871195191467
0.8322827056934745
0.8342802894515611
0.8362798727929874
0.8306313600357612
0.8327855883258154
0.8349419730005447
0.8371005162184915
0.8392612201403598
0.8414240869290168
0.8344121369002004
0.833211271410787
0.8320092038538158
0.8308059330260171
0.834217534497608
0.8376325509856883
0.8342995923953541
0.8343301321761094
0.8343607025272158
0.8343913034792743
0.8357280083954582
0.8359616215244001
0.8361954685003181
0.8364295495572933
0.8366638649296407
0.8368984148519105
0.8371331995588873
0.8373682192855911
0.8376034742672767
0.8378389647394342
0.8380746909377901
0.8369336425892416
0.8379986547944461
0.8390647330779339
0.8401318785068517
0.8412000921494123
0.8387061505440749
0.839936855868707
0.8411687931306018
0.8424019635629287
0.8436363684000927
0.8405245877856179
0.8413229443859531
0.8421221001420442
0.8429220558538475
0.8437228123221185
0.8410171883599061
0.8424752614748491
0.8439347941224389
0.8453957877636702
0.846858243861
0.8483221638783478
0.8429433669587899
0.8442677302934675
0.8455934193171695
0.8469204353569113
0.8482487797410379
0.8495784537992224
0.8509094588624704
0.8522417962631197
0.8535754673348404
0.8453892656093946
0.8460666015400237
0.8467446154845977
0.8462213701728695
0.8456976010920605
0.8451733077178774
0.8446484895255018
0.8441231459895904
0.8473823844638816
0.8506448854391451
0.853910652181149
0.8571796879589293
0.8604519960447945
0.8637275797143289
0.8485945144955357
0.8484029214940247
0.8490673331066021
0.8497324097958687
0.8503981522275668
0.8510645610681045
0.851731636984558
0.852399380644671
0.8500699256748564
0.8477381389182845
0.8510225727403486
0.8543102942839553
0.8576013068401167
0.8608956137031427
0.8641932181706373
0.867494123543505
0.8707983331259541
0.8526401888644931
0.8558347073524333
0.8531518964460664
0.8504664000432971
0.8536960345147497
0.8569289018535411
0.860165005295773
0.8634043480807883
0.8666469334511735
0.8698927646527572
0.8551706184834391
0.8550545631484264
0.8549383916419072
0.8548221038475936
0.8547056996490815
0.8545891789298502
0.8544725415732624
0.8543557874625638
0.8542389164808836
0.8541219285112337
0.8540048234365092
0.8582562302407449
0.8625118927074453
0.8667718150965342
0.8581584474367427
0.8587028901926107
0.8592478779362223
0.8597934112131105
0.8603394905693547
0.8608861165515811
0.8614332897069628
0.8619810105832206
0.8625292797286237
0.8630780976919903
0.8636274650226872
0.8618210635783363
0.8600128539243315
0.8582028342506529
0.8563910027454682
0.8621753676279966
0.8624265982219445
0.8626780802979683
0.8629298141078021
0.8631817999034315
0.8634340379370944
0.8636865284612816
0.8639392717287366
0.8641922679924554
0.8644455175056871
0.8646990205219349
0.8649527772949559
0.8652067880787606
0.8654610531276139
0.8657155726960353
0.8659703470387996
0.8662253764109362
0.8664806610677294
0.8667362012647195
0.8669919972577025
0.8672480493027304
0.8675043576561112
0.8677609225744107
0.8680177443144503
0.8682748231333086
0.8685321592883217
0.8687897530370836
0.8690476046374456
0.8693057143475178
0.8695640824256683
0.869822709130524
0.8700815947209701
0.8703407394561515
0.8706001435954724
0.8708598073985963
0.871119731125447
0.8713799150362087
0.8716403593913256
0.8719010644515028
0.8721620304777065
0.8724232577311637
0.8726847464733627
0.8729464969660545
0.8732085094712514
0.8734707842512284
0.8737333215685228
0.8739961216859349
0.8742591848665278
0.8745225113736279
0.8741068804359602
0.8736908334513076
0.8732743700032068
0.872857489674778
0.8757356645536678
0.8745531636101073
0.8733694789819184
0.8767055786268841
0.8768948911791962
0.8762620168368662
0.875628508986686
0.8749943669945139
0.8743595902255725
0.8781191838299933
0.8774467999149337
0.8767737429429023
0.8761000122401681
0.8754256071323261
0.8793739760630693
0.8833262973150617
0.8872825748445834
0.8912428126118712
0.8794007577098005
0.8801506964031006
0.8798495259835727
0.8801524394970234
0.8804556562272043
0.8807591764776355
0.8810630005521412
0.8813671287548495
0.8816715613901933
0.8819762987629098
0.8822813411780419
0.8825866889409368
0.8828923423572479
0.8831983017329346
0.8830619878397207
0.8829255374961632
0.8827889505656753
0.8826522269115333
0.8825153663968767
0.8823783688847078
0.8848958549334714
0.8845143370794388
0.8841324373256525
0.8837501552898301
0.8833674905893074
0.8863983888531594
0.8865823470345304
0.8859407554658769
0.8852985216634206
0.8846556449842851
0.8862821712150035
0.8879103256001057
0.8895401097693787
0.8877062342817427
0.8858705230829083
0.8840329743353257
0.882193586199608
0.8884090577299076
0.8885208927711491
0.889154897210208
0.8897895362883452
0.8904248106408348
0.890005634400691
0.8895860385647114
0.8900118082054305
0.8904380040419864
0.8908646265010014
0.8912916760095246
0.8917191529950337
0.8915725459002766
0.8914257920516708
0.8912788913023157
0.8911318435051634
0.890984648513019
0.8908373061785401
0.8906898163542369
0.890542178892472
0.8927635461512974
0.8949871370009728
0.8940005934410278
0.8930130623499917
0.8941649911094716
0.8953180729507935
0.8951701463622984
0.8950220716991403
0.8954576420084225
0.8958936483240203
0.8956866226008998
0.8962314840578104
0.896776890921585
0.8962906933380327
0.8970370001344892
0.8968234578099401
0.8974867179105783
0.8981506419352412
0.8974230097270656
0.8966946491583214
0.8959655594999187
0.8952357400220383
0.8945051899941299
0.8937739086849121
0.8930418953623716
0.8923091492937623
0.8992773690430036
0.9012853817536438
0.8991861111854773
0.9013262627931339
0.8997420377299304
0.8981562268558534
0.901486067723038
0.9048192417642635
0.8994678845033889
0.8941111705285358
0.9019046440966405
0.9097059189395864
0.9041227182996353
0.8985339288702541
0.892939545057061
0.9025463890769598
0.9029172062849667
0.903715765317727
0.9045151237088782
0.9053152822585799
0.906116241767791
0.9069180030382724
0.9055862497826651
0.9042531634407149
0.9029187426780023
0.901582986158771
0.9002458925459269
0.9058714168336546
0.9115025722768237
0.9064529989964203
0.9086973410932542
0.9109439297787745
0.913192767301819
0.9077416120230302
0.9066587891788926
0.905574882428005
0.9082322867383927
0.9091476870298478
0.9100640036379115
0.9109812374798167
0.9099195187654436
0.9088567372695744
0.9077928919283638
0.9067279816769016
0.9056620054492113
0.9103138359084179
0.9109592052557411
0.9116052206184269
0.9115018559271978
0.9113983877678093
0.9119273668015471
0.912132461966019
0.9123377624309559
0.9125432684018636
0.912748980084454
0.9129548976846446
0.9131610214085588
0.9133673514625272
0.9135738880530863
0.9137806313869793
0.9139875816711565
0.9141947391127753
0.9144021039192003
0.9148487629520223
0.9152958690909836
0.9155021956734242
0.9157087287889801
0.9159154686443913
0.9161224154466047
0.9163295694027743
0.9165369307202613
0.9167444996066345
0.9169522762696706
0.9171602609173544
0.9173684537578788
0.9175768549996449
0.9177854648512626
0.9179942835215504
0.9182033112195362
0.9184125481544569
0.9192183001707614
0.920024858745641
0.9189782648982409
0.9179306234093514
0.9198802024906155
0.9218317331024934
0.9237852171984677
0.920887245719514
0.9212680605042675
0.9216492564850016
0.9220308340432941
0.9214511065163185
0.9208707986815081
0.9217613114209031
0.9226527155644426
0.9235450120044222
0.9232662596722176
0.9229872283086495
0.9236468811831403
0.9238176168015446
0.9237722695718411
0.9237268769495153
0.9246630767673509
0.9248360400598868
0.9250091764888516
0.9251824862275552
0.9253559694494807
0.9255296263282852
0.925703457037799
0.925877461752027
0.9260516406451482
0.9262259938915159
0.9264005216656578
0.9265752241422762
0.9267501014962487
0.9273735597772702
0.9279976421406553
0.9277103849439433
0.9280202808897774
0.9283304870417637
0.9286410037104187
0.9289518312065699
0.9292629698413557
0.9295744199262264
0.9298861817729438
0.9301982556935819
0.9305106420005269
0.9308233410064779
0.931136353024447
0.9314496783677593
0.9313017594630933
0.931227735749715
0.9311536379385252
0.9316588708107437
0.932164609421573
0.9326708542772577
0.9326839688929695
0.9326970966364246
0.9331609130267775
0.9331726671377164
0.93361791587866
0.9335574185756536
0.9342835760214013
0.9350104603514788
0.9357380722934985
0.9351654491228907
0.9345922527559163
0.9340184826188047
0.9334441381372109
0.9328692187362162
0.9357725501289188
0.9360199658391887
0.936267629212832
0.9365155404977603
0.9367636999421329
0.9370121077943578
0.9372607643030917
0.937735606188763
0.9382109233916371
0.9386867163875068
0.9391629856526418
0.9396397316637879
0.9382403037711334
0.9368394750497568
0.9391551634431815
0.9396507912250099
0.9396499337668239
0.9396490754503214
0.9396482162746432
0.9403086603979955
0.9409697656265759
0.9411668380932368
0.9413641078296341
0.941561575033235
0.9417592399017045
0.9419571026329051
0.9421551634248977
0.9423534224759414
0.9425518799844936
0.9427505361492103
0.9429493911689468
0.9431484452427571
0.9433476985698945
0.9437453910539165
0.944143481628513
0.9445419706921734
0.9449408586437855
0.9453401458826363
0.9452773430085047
0.9452144772686333
0.9457576448379413
0.9454878584275338
0.9466539051822526
0.9460926540332897
0.9463636745703349
0.9466349663992091
0.9469065297914754
0.9471783650189691
0.947450472353798
0.947722852068341
0.9479955044352508
0.9482684297274526
0.9485416282181449
0.9488151001807998
0.9490888458891631
0.9493628656172546
0.949637159639368
0.9499117282300724
0.9501865716642108
0.9504616902169016
0.9505396565495592
0.9506177009265939
0.9506958234261281
0.9509983096706275
0.9513010987041604
0.9516041908298194
0.9519075863509998
0.9522112855714004
0.9525152887950246
0.9528195963261799
0.9529471524013178
0.9530748361602146
0.953202647730682
0.9533305872406593
0.9538993935592597
0.9544687692535545
0.9550387148934889
0.9556092310495798
0.9552094910817094
0.9548093509737311
0.9550276137442307
0.9552460949959821
0.9554647949476853
0.9556837138182591
0.9559028518268414
0.9561222091927897
0.9569589815526175
0.9577965915224151
0.9575806960232706
0.9573645844125153
0.9571482564738212
0.956931711990644
0.9578908202389145
0.9578935640887783
0.9578963106852387
0.957899060031045
0.9579018121289492
0.9579045669817062
0.9579073245920736
0.9579100849628117
0.9579128480966838
0.9579156139964555
0.9579183826648958
0.957921154104776
0.9579239283188702
0.9613142193757416
0.9647079041173541
0.9681049859407942
0.9616885268808185
0.9619834260630375
0.9622786204396332
0.9625741103060954
0.9628698959582096
0.9631659776920576
0.9634623558040174
0.963759030590764
0.9640560023492688
0.9643532713768013
0.9646508379709278
0.9649487024295129
0.9652468650507191
0.9655453261330076
0.965844085975138
0.9661431448761699
0.9664425031354609
0.966742161052669
0.967042118927752
0.9673423770609686
0.9676429357528769
0.9679437953043362
0.9682449560165078
0.9685464181908539
0.9688481821291379
0.9691502481334262
0.9694526165060868
0.969755287549791
0.9700582615675131
0.9703615388625297
0.9706651197384222
0.9709690044990751
0.971273193448678
0.9715776868917239
0.9718824851330108
0.9721875884776423
0.9724929972310272
0.9727987116988799
0.9731047321872206
0.9734110590023763
0.9737176924509809
0.9740246328399744
0.9743318804766048
0.9746394356684271
0.9749472987233045
0.9725798625380817
0.9702100565468683
0.9678378783774857
0.9654633256553797
0.9630863960036198
0.974277572623591
0.9854799516225583
0.9735284632979939
0.9742821712483474
0.9750366336611136
0.9757918512915098
0.9765478248955102
0.9773045552298454
0.9780620430520024
0.9788202891202276
0.9795792941935253
0.97635548662986
0.973128452031597
0.976889028471043
0.9770889324913421
0.9772890366157657
0.977489341044618
0.9776898459784042
0.9778905516178299
0.9780914581638016
0.978292565817427
0.9784938747800148
0.9786953852530756
0.9788970974383219
0.9790990115376674
0.9793011277532285
0.9795034462873237
0.9797059673424741
0.9799086911214034
0.9801116178270385
0.9803147476625091
0.9805180808311486
0.9807216175364935
0.9809253579822841
0.981129302372465
0.9813334509111845
0.9815378038027959
0.9817423612518564
0.9819471234631283
0.9821520906415786
0.9823572629923798
0.9825626407209096
0.9827682240327512
0.9829740131336937
0.9831800082297325
0.9833862095270688
0.98359261723211
0.9837992315514705
0.9840060526919717
0.9842130808606416
0.9844203162647156
0.9846277591116362
0.9848354096090542
0.9867738884300146
0.9887143076702163
0.9906566692720187
0.9926009751797285
0.9873922710452827
0.9880715600571315
0.9887515290379612
0.9894321786684213
0.9901135096298428
0.9907955226042389
0.9914782182743052
0.9921615973234208
0.9928456604356488
0.9935304082957366
0.9942158415891176
0.9949019610019114
0.9903306634499073
0.9857547900244761
0.9811743361451661
0.976589297226937
0.9902899239246665
1.0040042649634344
0.9896091628448913
0.9916393797076825
0.9936716288195875
0.9957059122148859
0.9977422319298999
0.9997805900029881
1.0018209884745488
1.0038634293870228
1.0059079147848937
1.0079544467146935
1.0100030272250038
0.9932101077283872
0.9764003785025466
0.9944144592877778
1.0124465721859082
0.9933817648517459
0.995133392888884
0.9968867743074412
0.9986419108625535
1.0003988043111143
1.0021574564117763
0.9965287078753131
0.9908943249559314
0.996772524608717
0.9975397607445405
0.9983077648845042
0.9990765377973805
0.9998460802527127
1.0006163930208127
1.0013874768727642
0.9992512120602269
0.9971128088444736
0.9949722650849591
0.9928295786390002
0.9998553175915628
1.0068880893158543
1.0139279008516802
1.000638144320397
1.000674178272678
1.0007102482949812
1.000746354423413
1.0007824966941152
1.0008186751432666
1.000854889807082
1.0008911407218122
1.0009274279237443
1.000963751449202
1.001000111334545
1.0010365076161696
1.0010729403305083
1.0011094095140307
1.0011459152032423
1.0011824574346853
1.0012190362449385
1.0012556516706173
1.0012923037483739
1.005127296063888
1.0089661272105488
1.0128088010310279
1.0056535323734777
1.0058678545146074
1.0060823911924146
1.0062971426216512
1.0065121090172835
1.006727290594493
1.0069426875686769
1.0071583001554476
1.0073741285706335
1.007590173030279
1.0078064337506452
1.0080229109482088
1.008239604839664
1.0084565156419214
1.0086736435721089
1.008890988847572
1.0091085516858733
1.0093263323047936
1.0095443309223313
1.0097625477567034
1.0099809830263449
1.0101996369499098
1.010418509746271
1.0106376016345204
1.0108569128339693
1.0110764435641482
1.0112961940448078
1.0115161644959185
1.0117363551376712
1.011956766190477
1.012177397874967
1.0123982504119944
1.0126193240226322
1.0128406189281756
1.0130621353501408
1.0132838735102663
1.013505833630512
1.0137280159330602
1.0139504206403156
1.0141730479749058
1.0143958981596808
1.0146189714177138
1.0148422679723015
1.015065788046964
1.015289531865445
1.0155134996517121
1.0157376916299574
1.0159621080245973
1.016186749060273
1.0164116149618503
1.01663670595442
1.0168620222632985
1.0170875641140278
1.0173133317323755
1.0175393253443352
1.0177655451761267
1.0179919914541964
1.0182186644052171
1.0184455642560886
1.0186726912339379
1.0189000455661192
1.0191276274802146
1.0193554372040337
1.0195834749656143
1.0198117409932226
1.0217820419151624
1.0237543151102972
1.0257285625528745
1.02770478621912
1.0296829880872327
1.0316631701373957
1.0336453343517729
1.0227509480791976
1.0240136624990013
1.0252776408972029
1.0265428845390456
1.0278093946910403
1.024321953554627
1.0208310214861473
1.017336594991173
1.0249565256606394
1.032584083888338
1.0263864916476675
1.0201826956109628
1.0258842267393304
1.0262029863939326
1.0265220651272677
1.0268414632587344
1.0271611811080503
1.0274812189952536
1.0278015772407023
1.0281222561650756
1.028443256089373
1.0287645773349163
1.0290862202233477
1.0294081850766323
1.0297304722170575
1.0300530819672327
1.0303760146500907
1.030699270588887
1.0310228501072018
1.0313467535289385
1.0316709811783247
1.0319955333799122
1.0307936842338503
1.0295906320355899
1.0283863755808742
1.0271809136642425
1.0320974627573367
1.0370189333210007
1.0329027465566403
1.0287824394852088
1.0327096528145263
1.0366407972883174
1.0328536413371692
1.0290626944391228
1.0336683653684215
1.0382786465789309
1.0428935426855475
1.033826875683828
1.0340959710970923
1.0343653358751344
1.0346349702875886
1.0349048746043599
1.0351750490956222
1.0354454940318207
1.0357162096836712
1.0359871963221603
1.0362584542185453
1.036529983644356
1.0368017848713937
1.0370738581717323
1.0373462038177168
1.0376188220819653
1.037891713237369
1.0381648775570924
1.038438315314573
1.0387120267835224
1.038986012237926
1.0392602719520438
1.0395348062004102
1.039809615257834
1.0400846993993993
1.0403600589004656
1.0406356940366681
1.0409116050839178
1.0411877923184016
1.0414642560165837
1.041740996455204
1.0420180139112805
1.042295308662108
1.042572880985259
1.042850731158583
1.0431288594602088
1.0434072661685427
1.0436859515622707
1.043964915920357
1.044244159522045
1.0445236826468576
1.0448034855745982
1.0450835685853497
1.0453639319594752
1.0456445759776187
1.0459255009207054
1.046206707069941
1.0464881947068139
1.046769964113093
1.0470520155708298
1.0473343493623581
1.0476169657702945
1.0478998650775384
1.048183047567272
1.048466513522961
1.0487502632283554
1.049034296967489
1.0493186150246798
1.0496032176845307
1.0498881052319289
1.0501732779520472
1.0504587361303437
1.050744480052562
1.051030510004733
1.0513168262731722
1.0516034291444827
1.0518903189055542
1.0501535728919682
1.050401305527108
1.0506492861428631
1.0508975149874629
1.0511459923093847
1.0513947183573547
1.0516436933803477
1.051892917627588
1.0521423913485495
1.0523921147929554
1.0526420882107792
1.0528923118522442
1.0531427859678248
1.053393510808246
1.0536444866244832
1.0538957136677634
1.0541471921895653
1.054398922441619
1.054650904675907
1.0549031391446635
1.055155626100376
1.0554083657957838
1.0556613584838794
1.055914604417909
1.0561681038513724
1.0564218570380224
1.056675864231866
1.0569301256871648
1.057184641658435
1.0574394124004471
1.0576944381682272
1.057949719217056
1.0582052558024704
1.0584610481802628
1.0587170966064814
1.0589734013374312
1.0592299626296733
1.059486780740026
1.059743855925564
1.0600011884436202
1.0602587785517845
1.0605166265079051
1.060774732570088
1.0610330969966977
1.0612917200463572
1.0615506019779481
1.0618097430506122
1.0620691435237495
1.06232880365702
1.062588723710344
1.0628489039439013
1.063109344618133
1.0633700459937403
1.0636310083316853
1.0638922318931918
1.064153716939745
1.0644154637330918
1.0646774725352406
1.0649397436084629
1.0652022772152923
1.0654650736185252
1.065728133081221
1.0659914558667023
1.0662550422385557
1.0665188924606313
1.066783006797043
1.06704738551217
1.0673120288706555
1.0675769371374078
1.0678421105776001
1.0681075494566719
1.0683732540403275
1.068639224594537
1.0689054613855375
1.0691719646798326
1.069438734744192
1.0697057718456526
1.069973076251519
1.0702406482293632
1.070508488047025
1.0707765959726125
1.071044972274502
1.071313617221338
1.071582531082035
1.0718517141257762
1.0721211666220134
1.0723908888404692
1.0726608810511356
1.072931143524275
1.0732016765304206
1.0734724803403766
1.0737435552252172
1.074014901456289
1.0722069658907822
1.0703972205799648
1.0685856637122795
1.074134955559571
1.079689802253558
1.0852502093546441
1.0723948339472427
1.0738208337894999
1.075248261059027
1.0766771171846798
1.0751128557729224
1.073547028533925
1.0719796339002947
1.070410670303068
1.0688401361717101
1.0672680299341142
1.0759222672682074
1.0759016757454083
1.0758810636104743
1.0758604308427726
1.07583977742165
1.0758191033264322
1.0757984085364243
1.0777561002677816
1.0797157516505207
1.0816773646462554
1.0782303406230411
1.0791986704354428
1.0782293713239293
1.0791996407048248
1.078228400083308
1.079200612917659
1.0782274268972878
1.07920158707784
1.0782264517619717
1.0792025631892672
1.0782254746734559
1.07920354125585
1.081786058903759
1.0792009561531
1.0817886465941982
1.081772552504044
1.0817886627043984
1.0817725363777173
1.0817886788468676
1.0817725202190895
1.0817886950216702
1.0832749272497777
1.0817872073017218
1.0832764164589355
1.0843277528676125
1.083275364070138
1.084328806309852
1.083274309573401
1.0843298618621402
1.0832732529645037
1.0843309195287043
1.085992349114353
1.0843292564360256
1.0859940138717885
1.086689188392823
1.085993318001397
1.0866898849597812
1.0859926207371742
1.0866905829219662
1.0859919220763286
1.0866912822821724
1.0883758167825301
1.0866895960614515
1.0883775046911603
1.086687906463223
1.0883791959806768
1.0895917500727494
1.0883779822128163
1.0895929650555924
1.0883767660137744
1.0895941824720499
1.0907549563901224
1.0895930205361948
1.0907561194890754
1.0895918562729783
1.0907572849177196
1.0895906896777374
1.0907584526807224
1.0895895207458022
1.0926208789059602
1.0895864863532498
1.0926239163359437
1.0934791262831873
1.0926230602699305
1.093479983206124
1.0926222024892134
1.0934808418454804
1.0926213429903582
1.0934817022046945
1.0950521526704247
1.095240722232204
1.0950519639121046
1.0952409111794714
1.0950517747757007
1.0952411005052007
1.0950515852604559
1.0952412902101503
1.0969017414846558
1.0952396280967633
1.0969034052618207
1.0952379626541555
1.0969050723715386
1.0952362938756597
1.096906742820483
1.098726726683658
1.096904921014815
1.0987285503129574
1.0969030955600623
1.0987303775949915
1.099851030231004
1.0987292558205808
1.0998521531283112
1.1001566834162742
1.099851848293188
1.1001569885565379
1.0998515428474789
1.1001572943079985
1.1013478424432388
1.1001561025681226
1.101349035376047
1.1024335561289675
1.1013479497696874
1.102434642822021
1.1031139643176076
1.1024339628205242
1.1031146449997866
1.1024332814569813
1.103115327045375
1.1024325987286647
1.1031160104571036
1.1024319146328398
1.1031166952377083
1.1024312291667688
1.1031173813899313
1.1024305423277063
1.106064193448988
1.102426905039298
1.1060678343783277
1.1069435721663627
1.1060669577639253
1.1069444496582572
1.1060660793936608
1.1069453289077713
1.1060651992640165
1.106946209918426
1.10606431737147
1.1069470926937477
1.1060634337124884
1.1069479772372723
1.1060625482835347
1.1069488635525406
1.1060616610810627
1.1069497516431022
1.1060607721015212
1.1106599863854636
1.1060561682834162
1.1106645948119933
1.1060515552438481
1.1106692124692188
1.1060469329643396
1.1106738393756288
1.1060423014263918
1.1106784755497507
1.1117614359554087
1.1106773915052996
1.1117625210849882
1.1134426444542167
1.111760839279814
1.1134443279428812
1.1141233908568347
1.1134436482002248
1.1141240712799143
1.1134429670960406
1.1141247530658842
1.1134422846276024
1.1141254362174742
1.1134416007921768
1.1159474977901231
1.1134390923867716
1.1159500087064433
1.113436578957021
1.1159525246521387
1.113434060492862
1.115955045637282
1.1134315369842085
1.11595757167197
1.1181203715000811
1.1159554067071777
1.1181225386320044
1.1159532374059502
1.118124710104702
1.1159510637596064
1.1181268859268698
1.1159488857594386
1.1181290661072172
1.1159467033967285
1.118131250654475
1.1159445166627364
1.1181334395773899
1.1159423255487066
1.1181356328847247
1.1159401300458676
1.1221025327916034
1.1159339614745498
1.1221087075376666
1.1159277805475547
1.1221148946517694
1.1232341024041241
1.1221137743236893
1.123235223853655
1.1221126517515874
1.1232363475494527
1.1221115269309685
1.123237473496018
1.1221103998573305
1.1232386016978584
1.1221092705261588
1.123239732159492
1.1221081389329326
1.1232408648854442
1.1221070050731203
1.1259445912911694
1.1221031636454715
1.125948436564089
1.1220993145234317
1.1259522895391054
1.128022775506958
1.1259502169805788
1.1280248501401164
1.125948140270709
1.128026928928774
1.1259460594011816
1.128029011881253
1.1259439743636648
1.1280310990058968
1.1259418851498086
1.1280331903110579
1.1259397917512493
1.1280352858051117
1.130175342958099
1.1303535234713722
1.1301751645992268
1.130353702008782
1.1301749858831012
1.1303538809038027
1.1301748068090065
1.130354060157151
1.1301746273762254
1.1303542397695443
1.1331982651563126
1.1303513928972837
1.1332011148782932
1.1303485403227285
1.13320397030828
1.1303456820344557
1.133206831457704
1.1303428180210204
1.133209698338021
1.1303399482709544
1.133212570960712
1.1303370727727664
1.1353514330458714
1.130332053393115
1.1353564574499302
1.1303270239596266
1.1368301888097023
1.1303205142851027
1.1368367050004196
1.1303139915716756
1.1368432342430914
1.1367525990649927
1.1368433249689955
1.138505798400834
1.1368416608314265
1.1385074642042063
1.1368399933605824
1.13850913334419
1.1368383225497878
1.138510805827468
1.1395195475739701
1.1404392378829653
1.1395186269630506
1.1404401594154177
1.141112307161808
1.1404394865948506
1.141112980655869
1.1414383410768973
1.141112654969762
1.1414386670890164
1.1411123286313045
1.1414389937541392
1.1411120016391896
1.1414393210735736
1.141111673992108
1.1438454320512803
1.1411089374975543
1.1438481712850699
1.143742661453939
1.1438482769005163
1.1437425557327712
1.143848382727511
1.1453745748853366
1.1451771900404122
1.1453747724677639
1.1451769922602049
1.1453749704459497
1.1465141458411259
1.146379624663919
1.146514280496959
1.1463794898732953
1.1465144154225082
1.1473476533067941
1.1479971351830531
1.1473470031747854
1.1479977859658437
1.14734635174056
1.1479984380521553
1.1473456990015087
1.147999091444598
1.149793229052717
1.1479972955110567
1.1497950267839911
1.1497954357045528
1.1497950263746612
1.1497954361142924
1.1497950259645116
1.1497954365248526
1.1510810784943106
1.151302285246756
1.15108085706613
1.1513025068965865
1.1510806351944278
1.1513027289903826
1.1524982918277988
1.1532604466649006
1.152497528910044
1.1532612103463369
1.152496764464162
1.1540626957243143
1.1539085550975747
1.154062850019236
1.1539084006482039
1.154063004623211
1.1549034542958434
1.155120601999766
1.1557101488044166
1.155120011862824
1.1557107395320854
1.1551194205438358
1.1557113314429848
1.1570487278497055
1.1567892520080278
1.157048987585283
1.156788992012455
1.1570492478411118
1.1583175518711768
1.1580113378519052
1.1583178583917164
1.158011031024538
1.1583181655262178
1.158939230914782
1.1596020898932604
1.1589385673922807
1.1596027540799483
1.1589379025407416
1.1596034195970044
1.1602763377781407
1.16106548050648
1.1602755478454798
1.1610662712298643
1.1602747563305806
1.1610670635370712
1.161687148484191
1.1620339456677444
1.1616868013398634
1.1620342931595642
1.161686453500204
1.1620346413474112
1.1616861049638205
1.16394865817399
1.163511466014592
1.1639490958037793
1.163511027946735
1.163949534310143
1.1635105890014263
1.1652583891258883
1.16564322361506
1.1652580039061795
1.1656436092203744
1.165257617914874
1.1656439955980573
1.1652572311504261
1.1656443827496565
1.166620073337825
1.1675234418446294
1.1666191690650454
1.1675243470225873
1.167660986093809
1.1675242102467402
1.1685395643332632
1.1688607303105463
1.1685392428457986
1.1688610521198202
1.16916144449898
1.1688607514267477
1.1691617454930459
1.1698180413283796
1.1700271060274106
1.1698178320544066
1.170027315510867
1.1698176223612569
1.1700275254139196
1.171125614032685
1.1713822933365992
1.1711253570964448
1.171382550530033
1.1711250996455602
1.1723785771086748
1.1711238449133656
1.1729380988505975
1.1728992530952163
1.1729381377352377
1.1728992141716528
1.1729381766977638
1.172899175170125
1.172938215738332
1.172899136090477
1.1745742183321795
1.174753866054612
1.175848276017562
1.1747527705491434
1.1758493726196315
1.1747516728493732
1.175850471418201
1.1770833395597078
1.1771065057658663
1.1770833163703123
1.1771065289784746
1.1770832931344681
1.1771065522375777
1.1770832698520826
1.1780500003946348
1.178232075647752
1.1789664751971192
1.178231340513068
1.178967211067674
1.1782306039059058
1.17896794841218
1.1796031141757468
1.179959099676758
1.1805905499765037
1.1807852963992402
1.1805903550351395
1.1807854915357407
1.180590159703307
1.1807856870631004
1.1805899639802242
1.1807858829821023
1.181976435574216
1.1829914147360288
1.1819754195790595
1.1829924317481986
1.1819744015488598
1.182993450797447
1.181973381479542
1.18373271732528
1.1837616343577837
1.1837326883793016
1.183761663332737
1.1837326593753443
1.1837616923657275
1.1837326303132918
1.183761721456871
1.1837326011930278
1.1837617506062843
1.1865122317792238
1.185948590104729
1.1865127959851045
1.1859480253340782
1.1874797039397154
1.1859464921222607
1.1874812386862788
1.1875367335467757
1.1883915431233891
1.1886804523057668
1.1883912539250086
1.1886807417936356
1.1883909641473622
1.1886810318613494
1.1883906737892902
1.1902693735802539
1.1897221896900196
1.1902699213118757
1.190853187128539
1.1909751650803377
1.1908530650284872
1.1909752873026118
1.1908529426838683
1.1909754097696976
1.19231376574131
1.1926551604490716
1.192313424004866
1.1926555025275942
1.1923130815839222
1.1926558452913019
1.1931570199266124
1.1926553436149903
1.1931575221051027
1.1937702144337587
1.1940950883342483
1.1937698892346593
1.1940954138588726
1.195525971618569
1.1940939818691239
1.1955274050417417
1.1954006453036772
1.1955275319283665
1.196031902062102
1.1955270270533578
1.196032407442491
1.1974770021011027
1.1960309614017923
1.1974784495892896
1.1960295124646674
1.197479899976802
1.1960280606253164
1.1974813532694455
1.1960266058779254
1.198951240047352
1.198526100226669
1.1989516656127381
1.1985256742352917
1.1995744147798997
1.198524624444957
1.1995754656210758
1.198523572551888
1.2011000536654572
1.1985209934917131
1.2011026353072722
1.2025645805069367
1.2011011718986637
1.2025660453804194
1.2010997055588426
1.2025675131880487
1.2010982362819362
1.202568983935703
1.2010967640620631
1.2031018826274587
1.203101554415808
1.203101882955999
1.2043446813007233
1.2031006389136119
1.204345926588398
1.2030993923794027
1.2043471743703886
1.203098143348381
1.2058525480893398
1.203095386186476
1.205855308011163
1.203092623501968
1.2066231565528287
1.2057613279164197
1.2066240192441566
1.2067698784240712
1.2066238732389716
1.2067700245754076
1.2066237269413373
1.2067701710194858
1.2066235803506684
1.2081989122361143
1.208969265505894
1.2087919933988875
1.2089694429554503
1.2087918157717037
1.2089696207604392
1.208791637788732
1.2089697989215722
1.2087914594492597
1.2089699774395628
1.2117354722017162
1.2089672091765387
1.211738243235775
1.2089644353686708
1.2117410198202272
1.2134127776806307
1.2117393463889368
1.2134144527870285
1.2124721854209035
1.212735432261523
1.2128805743090214
1.2137476509612368
1.2128797063644245
1.2137485197746467
1.2143265000489245
1.2137479412158136
1.2143270791868959
1.213747361498125
1.214901546087571
1.2137462061581954
1.2149027025839971
1.2137450485041157
1.2149038613968903
1.2137438885312504
1.21677790418798
1.2169086409471432
1.2167777733203533
1.2169087719457687
1.216777642190598
1.2169089032067848
1.2176358671769238
1.2169081755151232
1.2176365955970057
1.21958093901099
1.2176346493073016
1.2195828872489312
1.2176326991191715
1.219584839389201
1.2192882208995863
1.219585136304606
1.2192879236869687
1.2210438994767159
1.221580743426234
1.2210433620953849
1.2209238948011383
1.221043481682266
1.2209237750945505
1.22104360150868
1.2209236551481901
1.221043721575107
1.2227755062157053
1.2210419880569487
1.2227772414691174
1.2227000830699777
1.2227773187047521
1.22270000575703
1.2247017977998176
1.2252298825175905
1.2247012691864867
1.2252304116600639
1.224700739514341
1.225230941862412
1.22470020878126
1.2252314731267575
1.2260821043081083
1.2266652369589008
1.2260815205917408
1.2266658212595687
1.2272785982580472
1.2272820396908148
1.2272785948131695
1.227282043139141
1.2272785913613917
1.2278253369216088
1.2272780440685385
1.2278258847623025
1.2272774956794557
1.2278264337003233
1.228946874453413
1.2297229011053452
1.2289460976499575
1.2297236786863812
1.228945319290562
1.2297244578249158
1.2301114893552703
1.2315492144321192
1.230110050191029
1.2315506550369646
1.2326252236188284
1.2315495793927385
1.2326263003397755
1.2315485015939927
1.2326273792173987
1.231547421636412
1.2326284602560182
1.2315463395156718
1.2326295434599626
1.2315452552274397
1.233663705699144
1.235908514941352
1.2342031749717681
1.2359102219883678
1.2342014662159952
1.2359119324546066
1.2341997540375784
1.2359136463469156
1.2341980384296614
1.2359153636721585
1.2364561185398237
1.2359148223759948
1.2364566603778258
1.2378471920762588
1.2364552684542036
1.2378485853931975
1.2380012830444822
1.237848432542696
1.2380014360479876
1.2388808746814066
1.2380005557290354
1.2388817558815592
1.2379996736468009
1.2388826388467593
1.2379987897977522
1.2404650201411411
1.2402144477558246
1.2404652709643498
1.2402141966815416
1.2410531050099316
1.2402133569334655
1.2410539455985967
1.2418055182962693
1.242281051650639
1.2418050422869054
1.2422815281364883
1.2429459460048735
1.2422808630535365
1.2429466117535735
1.2422801966384212
1.2429472788357705
1.2422795288884738
1.242947947254136
1.2444882522797753
1.242946405407264
1.244489795670038
1.2429448604720656
1.2444913421517176
1.2470919913801222
1.2451252997138644
1.2470939600404485
1.2451233290829062
1.247095932644009
1.245121354504767
1.247097909198704
1.24511937597154
1.2470998897124446
1.2451173934753035
1.247101874193162
1.248018277768124
1.2471009568722662
1.248019196007259
1.2471000377139725
1.248513143010665
1.2470986231941557
1.2485145589464173
1.250107557790864
1.2485129643529786
1.2501091539804916
1.2485113665655643
1.2501107533672933
1.2514007871287967
1.2501094620422069
1.2514020797464998
1.2501081681305912
1.2514033749533224
1.2537638545631877
1.25140101211087
1.2537662197708475
1.2513986445356338
1.253768589716028
1.2531559236745045
1.2534421074390028
1.2531556372042698
1.2534423941959947
1.2531553501602342
1.2534426815273618
1.253155062541248
1.2541995115722648
1.2531540170467226
1.2567575255653234
1.2578634564184663
1.2567564185274316
1.2532052892618055
1.2548761275051918
1.255162762027242
1.2548758405837483
1.2551630492358943
1.2548755530876001
1.2551633370198263
1.2548752650155959
1.2584031879448252
1.2548717335612132
1.2584067229341969
1.2548681950333105
1.2584102650041675
1.2576173283046845
1.2594215407867277
1.2576155222861845
1.2594233486130557
1.259470405105192
1.25942330150946
1.2594704522559383
1.2594232543115156
1.2624704175270873
1.2594202040980864
1.2624734707937826
1.2594171477750677
1.2640271236457177
1.2594125331846069
1.2640317428553924
1.2639118685505548
1.2640318628496916
1.2639117484361413
1.2640319830843398
1.262858455761158
1.262942693606611
1.2628583714389903
1.2629427780131852
1.262858286947925
1.2629428625888262
1.2628582022876238
1.2629429473338725
1.2628581174577476
1.2629430322486634
1.2646301442831545
1.262941343447829
1.264631834774482
1.2716113089279881
1.264624848313865
1.2716183023820555
1.266172086841069
1.2716237540492656
1.2661666297167358
1.2672748737382296
1.2661655203633604
1.267275984202068
1.2685848318951782
1.2672746740442173
1.268586143364498
1.2672733612621148
1.2685874574606961
1.267272045850505
1.268588774189035
1.26727072780412
1.268590093554785
1.2672694071176833
1.2685914155632299
1.270679109357773
1.271360446002543
1.2706784273391096
1.2713611287039077
1.2706777439543595
1.2713618127727262
1.2706770592007874
1.271362498211737
1.2706763730756512
1.2713631850236853
1.270675685576204
1.2713638732113202
1.2739736322954363
1.271361260839865
1.2739762472818779
1.2746782178235687
1.2739755446086631
1.2746789212001604
1.2739748405279911
1.274679625985618
1.2739741350370424
1.2746803321827636
1.2739734281329929
1.2746810397944253
1.2739727198130115
1.2746817488234359
1.276813884353517
1.2746796145536363
1.276816020759724
1.2775275291621333
1.276815308539101
1.27752824209569
1.2768145948918974
1.277528956457255
1.276813879815255
1.2775296722496892
1.2768131633063118
1.2800402153165076
1.276809933024019
1.2800434488323162
1.280054577117802
1.2800434376928913
1.2800545882683774
1.280043426531154
1.2800545994412875
1.28004341534706
1.280054610636577
1.280043404140564
1.2800546218542908
1.2800433929116213
1.2800546330944735
1.2826912425728325
1.2800519938457473
1.2826938844634501
1.2833417095583504
1.2826932359898815
1.2833423586810415
1.282692586217418
1.2833430091039282
1.2826919351434576
1.283343660829614
1.2826912827653936
1.28334431386071
1.2826906290806135
1.2833449681998292
1.2859098422065747
1.2833424007583814
1.2859124122180372
1.2866072443553935
1.2859117166903722
1.286607940579283
1.2859110197695625
1.2866086381977113
1.2859103214528176
1.2866093372134717
1.285909621737341
1.2866100376293637
1.285908920620332
1.2866107394481916
1.285908218098983
1.2866114426727653
1.2859075141704808
1.2866121473059007
1.2859068088320074
1.2866128533504195
1.2859061020807379
1.2913148606154434
1.2908803503070938
1.2913152955606972
1.2908799149264598
1.2913157313771482
1.2908794786737563
1.2913161680665413
1.290879041547237
1.2913166056306244
1.2908786035451514
1.2913170440711506
1.2908781646657461
1.2913174833898746
1.2908777249072636
1.2913179235885561
1.290877284267943
1.291318364668957
1.2954990545241651
1.2913141797942274
1.2955032435879588
1.2962581611499915
1.2955024879147237
1.296258917579657
1.2955017307278718
1.2962596755244533
1.2955009720243722
1.2962604349874165
1.295500211801186
1.2962611959715868
1.29549945005527
1.2962619584800112
1.295498686783573
1.2962627225157433
1.2954979219830403
1.2962634880818422
1.2954971556506094
1.2962642551813728
1.2954963877832113
1.2962650238174067
1.295495618377771
1.2962657939930216
1.2954948474312094
1.296266565711302
1.30166544600275
1.2962611614267256
1.3016708556970187
1.2962557463173496
1.3016762762269316
1.3028792644431237
1.3016750720345232
1.302880469840931
1.3016738654301125
1.3028816776531538
1.3016726564088685
1.3028828878846292
1.30167144496595
1.3028841005402043
1.3046998996697927
1.3028822829234583
1.3047017191059762
1.3049303902037157
1.3047014902059786
1.3049306193328425
1.3047012608474933
1.304930848920916
1.304701031029602
1.304931078968855
1.306580931925167
1.3072372365071612
1.3065802749636237
1.3072378941263239
1.3065796166861836
1.3072385530627009
1.306578957090211
1.3072392133189294
1.306578296173065
1.3090663364980046
1.3093923362720994
1.3090660101719045
1.3093926629248527
1.3090656831921716
1.3093929902318924
1.3090653555574971
1.3093933181945294
1.309065027266569
1.309393646814077
1.3114596929728704
1.3093915786998043
1.311461763157327
1.3093895064430896
1.3114638374883718
1.3093874300356374
1.3129012571216434
1.3093839126912066
1.3129047779869403
1.3093803883015216
1.3129083059045428
1.3093768568524666
1.3129118408885798
