-0.7
-0.6959595959595959
-0.6919191919191918
-0.6878787878787879
-0.6838383838383838
-0.6797979797979797
-0.6757575757575757
-0.6717171717171717
-0.6676767676767676
-0.6636363636363636
-0.6595959595959595
-0.6555555555555556
-0.6515151515151515
-0.6474747474747474
-0.6434343434343434
-0.6393939393939394
-0.6353535353535353
-0.6313131313131313
-0.6272727272727272
-0.6232323232323231
-0.6191919191919192
-0.6151515151515151
-0.611111111111111
-0.607070707070707
-0.603030303030303
-0.598989898989899
-0.5949494949494949
-0.5909090909090908
-0.5868686868686868
-0.5828282828282828
-0.5787878787878787
-0.5747474747474747
-0.5707070707070707
-0.5666666666666667
-0.5626262626262626
-0.5585858585858585
-0.5545454545454545
-0.5505050505050505
-0.5464646464646464
-0.5424242424242424
-0.5383838383838384
-0.5343434343434343
-0.5303030303030303
-0.5262626262626262
-0.5222222222222221
-0.5181818181818181
-0.5141414141414141
-0.51010101010101
-0.506060606060606
-0.502020202020202
-0.49797979797979797
-0.4939393939393939
-0.48989898989898983
-0.4858585858585858
-0.4818181818181818
-0.47777777777777775
-0.4737373737373737
-0.4696969696969696
-0.4656565656565656
-0.4616161616161616
-0.4575757575757575
-0.45353535353535346
-0.44949494949494945
-0.44545454545454544
-0.44141414141414137
-0.4373737373737373
-0.4333333333333333
-0.4292929292929292
-0.4252525252525252
-0.42121212121212115
-0.41717171717171714
-0.41313131313131307
-0.40909090909090906
-0.405050505050505
-0.401010101010101
-0.3969696969696969
-0.3929292929292929
-0.38888888888888884
-0.38484848484848483
-0.38080808080808076
-0.37676767676767675
-0.3727272727272727
-0.3686868686868686
-0.3646464646464646
-0.36060606060606054
-0.35656565656565653
-0.35252525252525246
-0.34848484848484845
-0.3444444444444444
-0.3404040404040404
-0.3363636363636363
-0.3323232323232323
-0.32828282828282823
-0.3242424242424242
-0.32020202020202015
-0.31616161616161614
-0.3121212121212121
-0.308080808080808
-0.304040404040404
-0.3
