-0.5
-0.4948717948717949
-0.4897435897435897
-0.4846153846153846
-0.4794871794871795
-0.47435897435897434
-0.46923076923076923
-0.4641025641025641
-0.45897435897435895
-0.45384615384615384
-0.44871794871794873
-0.44358974358974357
-0.43846153846153846
-0.43333333333333335
-0.42820512820512824
-0.4230769230769231
-0.41794871794871796
-0.4128205128205128
-0.4076923076923077
-0.4025641025641026
-0.39743589743589747
-0.3923076923076923
-0.3871794871794872
-0.382051282051282
-0.3769230769230769
-0.3717948717948718
-0.3666666666666667
-0.36153846153846153
-0.3564102564102564
-0.35128205128205126
-0.34615384615384615
-0.34102564102564104
-0.3358974358974359
-0.33076923076923076
-0.32564102564102565
-0.3205128205128205
-0.3153846153846154
-0.31025641025641026
-0.30512820512820515
-0.3
