1.311901207508861855e+00
-1.090304058776741213e-02
1.311957641718775935e+00
-1.076231039169280555e-02
1.317811368971670394e+00
-9.561192177461845174e-03
1.324611068197718122e+00
-1.424524459814552162e-02
1.331076851526572957e+00
-1.320121532583665505e-02
1.337536463658422381e+00
-1.303660134614660279e-02
1.344009930101205175e+00
-1.205525261633380585e-02
1.347345007675552209e+00
-1.219850790890111315e-02
1.353780028177195671e+00
-9.307783197464938527e-03
1.360865018511444591e+00
-1.236805460246057434e-02
1.367751538938003053e+00
-1.230705419797793222e-02
1.375080815806027479e+00
-1.569992771024706843e-02
1.381928058217114286e+00
-1.307127911501372933e-02
1.389213330741795982e+00
-1.387602691387448094e-02
1.396613825904034156e+00
-1.475681474798230808e-02
1.403506685754824179e+00
-1.273103341696847635e-02
1.411514685451086493e+00
-1.411410604861174610e-02
1.419049756923570271e+00
-1.363102131586878783e-02
1.426965347320503730e+00
-1.448358506218344437e-02
1.434899194875088213e+00
-1.496448802902819106e-02
1.442965648137880308e+00
-1.535951328052977648e-02
1.451087896270905286e+00
-1.517810462296478174e-02
1.459417331992939770e+00
-1.567481043114815273e-02
1.467855789308875947e+00
-1.597469163722711055e-02
1.476427004140820509e+00
-1.618570444730522973e-02
1.485152787884336467e+00
-1.652209040101343743e-02
1.494018357232273164e+00
-1.675403907828154279e-02
1.503037846135246491e+00
-1.710781532671289476e-02
1.512214716269130399e+00
-1.743348078819707825e-02
1.521527575397882970e+00
-1.758145449484756206e-02
1.531031621425920308e+00
-1.804462442731333272e-02
1.540690947959592050e+00
-1.833915130061410451e-02
1.550507057813688361e+00
-1.851618869239479021e-02
1.560527054445038697e+00
-1.893396336897072360e-02
1.570731536523816585e+00
-1.934852695995697286e-02
1.581092981854735458e+00
-1.953215776680502710e-02
1.591669948760818132e+00
-1.988772799589822587e-02
1.602444846322603089e+00
-2.023488983361912061e-02
1.613428070694383321e+00
-2.060020130529820193e-02
1.624616194119632651e+00
-2.092674639226860256e-02
1.636036931931154292e+00
-2.135997220515635509e-02
1.647671127589740880e+00
-2.171240918468252123e-02
1.659538990007494386e+00
-2.206129087678379910e-02
1.671642527078905704e+00
-2.241427063922673407e-02
1.684011352917543558e+00
-2.286900616692991162e-02
1.696620896872955697e+00
-2.324753309321071770e-02
1.709497604135347126e+00
-2.363292425280615061e-02
1.722650509535668784e+00
-2.404920203194804013e-02
1.736091524666956820e+00
-2.448201572198965489e-02
1.749824868492570795e+00
-2.491708295313033519e-02
1.763856587129550180e+00
-2.533693327286424754e-02
1.778207679799408192e+00
-2.579412402863853412e-02
1.792888419075934658e+00
-2.628417277914438591e-02
1.807897630143354695e+00
-2.674130226765521201e-02
1.823262674748671985e+00
-2.722590849032109281e-02
1.838988640074087355e+00
-2.768772318219999903e-02
1.855097084489278014e+00
-2.822172903534611588e-02
1.871602162380885392e+00
-2.875888381026735913e-02
1.888502123024138113e+00
-2.924863327900093651e-02
1.905832159642803836e+00
-2.979103445135075634e-02
1.923606193802290587e+00
-3.035807468132893649e-02
1.941833798499427166e+00
-3.090710938022140503e-02
1.960547002642136771e+00
-3.151211604390391496e-02
1.979752397858981272e+00
-3.209602853002873485e-02
1.999479275317761262e+00
-3.270318041205073217e-02
2.019749437268587133e+00
-3.333337782772097940e-02
2.040586231191212185e+00
-3.397979972475493465e-02
2.062017392454381870e+00
-3.465610164073363447e-02
2.084063456910324685e+00
-3.535593324482413230e-02
2.106762731682133793e+00
-3.604824232994072869e-02
2.130131768353293431e+00
-3.677408794226879468e-02
2.154223429528488776e+00
-3.751953058482432324e-02
2.179050340376320616e+00
-3.829970782372644350e-02
2.204663832203745955e+00
-3.908984208915486369e-02
2.231102055216731106e+00
-3.991676395262423044e-02
2.258404124010776837e+00
-4.076507858574081322e-02
2.286615596134792039e+00
-4.163736057493758191e-02
2.315787385124510322e+00
-4.254640621386604482e-02
2.345970613292998497e+00
-4.348813517942341084e-02
2.377220165478449942e+00
-4.445824537584244091e-02
2.409597999690530123e+00
-4.546607769861460424e-02
2.443169380904636867e+00
-4.651397457219702547e-02
2.478003303956214598e+00
-4.759781027647145418e-02
2.514177369246341609e+00
-4.872729210508265629e-02
2.551773254388825851e+00
-4.990162139991086848e-02
2.590880129068590332e+00
-5.112291966914087049e-02
2.631595392977820413e+00
-5.239556817269618721e-02
2.674024588374233069e+00
-5.372226787386714247e-02
2.718283755475141561e+00
-5.511025461299778883e-02
2.764497716362566582e+00
-5.655834442676082457e-02
2.812805246713079299e+00
-5.807473200422211962e-02
2.863357633735475360e+00
-5.966410984396939426e-02
2.916321015060971078e+00
-6.133031706467636374e-02
2.971879240306324554e+00
-6.308093161843417174e-02
3.030234727887903823e+00
-6.492113249100507633e-02
3.091609088493649349e+00
-6.686107634081592255e-02
3.156258644622967235e+00
-6.890724595369909777e-02
3.224458482596468389e+00
-7.107030276145978598e-02
3.296519079184064616e+00
-7.335940345138346197e-02
3.372788980487400057e+00
-7.578618977718547256e-02
