-2.999499999999999944e-01
1.314644074281112518e+00
-2.999999999999999889e-01
1.314527110785336017e+00
-3.039999999999999925e-01
1.305200591705851565e+00
-3.079999999999999960e-01
1.295868495992297253e+00
-3.119999999999999996e-01
1.286530643326769807e+00
-3.160000000000000031e-01
1.277186733016005382e+00
-3.200000000000000067e-01
1.267836697511355526e+00
-3.240000000000000102e-01
1.258480464865394444e+00
-3.280000000000000138e-01
1.249117994415443134e+00
-3.320000000000000173e-01
1.239749222261272266e+00
-3.360000000000000209e-01
1.230374095120806199e+00
-3.400000000000000244e-01
1.220992526064079486e+00
-3.440000000000000280e-01
1.211604470126739663e+00
-3.480000000000000315e-01
1.202209855635381741e+00
-3.520000000000000351e-01
1.192808636834671532e+00
-3.560000000000000386e-01
1.183400706739297314e+00
-3.600000000000000422e-01
1.173986041338405784e+00
-3.640000000000000457e-01
1.164564537958220569e+00
-3.680000000000000493e-01
1.155136139167817655e+00
-3.720000000000000528e-01
1.145700777290862504e+00
-3.760000000000000564e-01
1.136258366344247817e+00
-3.800000000000000600e-01
1.126808849816140601e+00
-3.840000000000000635e-01
1.117352128731648797e+00
-3.880000000000000671e-01
1.107888137510659954e+00
-3.920000000000000706e-01
1.098416794084681847e+00
-3.960000000000000742e-01
1.088938022257434968e+00
-4.000000000000000777e-01
1.079451739090555806e+00
-4.040000000000000813e-01
1.069957857277474611e+00
-4.080000000000000848e-01
1.060456284888117828e+00
-4.120000000000000884e-01
1.050946947629978201e+00
-4.160000000000000919e-01
1.041429746573042658e+00
-4.200000000000000955e-01
1.031904593711222118e+00
-4.240000000000000990e-01
1.022371391889782766e+00
-4.280000000000001026e-01
1.012830051458069258e+00
-4.320000000000001061e-01
1.003280478161794775e+00
-4.360000000000001097e-01
9.937225633375066369e-01
-4.400000000000001132e-01
9.841562125113583193e-01
-4.440000000000001168e-01
9.745813205843658622e-01
-4.480000000000001203e-01
9.649977846837884954e-01
-4.520000000000001239e-01
9.554054934044617919e-01
-4.560000000000001275e-01
9.458043391043078341e-01
-4.600000000000001310e-01
9.361942080554087608e-01
-4.640000000000001346e-01
9.265749864046762818e-01
-4.680000000000001381e-01
9.169465538001458915e-01
-4.720000000000001417e-01
9.073087987100468821e-01
-4.760000000000001452e-01
8.976615904673619362e-01
-4.800000000000001488e-01
8.880048041294927863e-01
-4.840000000000001523e-01
8.783383137786866524e-01
-4.880000000000001559e-01
8.686619885427016019e-01
-4.920000000000001594e-01
8.589756916094145600e-01
-4.960000000000001630e-01
8.492792900286392221e-01
-5.000000000000001110e-01
8.395726378904864173e-01
-5.040000000000001146e-01
8.298555957867854715e-01
-5.080000000000001181e-01
8.201280139466541330e-01
-5.120000000000001217e-01
8.103897418866177205e-01
-5.160000000000001252e-01
8.006406261870802066e-01
-5.200000000000001288e-01
7.908805063657481371e-01
-5.240000000000001323e-01
7.811092231658921525e-01
-5.280000000000001359e-01
7.713266090810184661e-01
-5.320000000000001394e-01
7.615324947062135363e-01
-5.360000000000001430e-01
7.517267036697284910e-01
-5.400000000000001465e-01
7.419090592240441540e-01
-5.440000000000001501e-01
7.320793773058708043e-01
-5.480000000000001537e-01
7.222374690459770763e-01
-5.520000000000001572e-01
7.123831421011496134e-01
-5.560000000000001608e-01
7.025161982527842186e-01
-5.600000000000001643e-01
6.926385976056266269e-01
-5.640000000000001679e-01
6.827458806348942755e-01
-5.680000000000001714e-01
6.728399272045837431e-01
-5.720000000000001750e-01
6.629205130189792516e-01
-5.760000000000001785e-01
6.529874132952245835e-01
-5.800000000000001821e-01
6.430403959697071903e-01
-5.840000000000001856e-01
6.330792225820113250e-01
-5.880000000000001892e-01
6.231036479483726964e-01
-5.920000000000001927e-01
6.131134199642286342e-01
-5.960000000000001963e-01
6.031082793788563601e-01
-6.000000000000001998e-01
5.930879595118404568e-01
-6.040000000000002034e-01
5.830521858469982499e-01
-6.080000000000002069e-01
5.730006759485662959e-01
-6.120000000000002105e-01
5.629331389459987234e-01
-6.160000000000002141e-01
5.528492752876533745e-01
-6.200000000000002176e-01
5.427487764333118747e-01
-6.240000000000002212e-01
5.326313244233361610e-01
-6.280000000000002247e-01
5.224965914911263720e-01
-6.320000000000002283e-01
5.123442397081978683e-01
-6.360000000000002318e-01
5.021739205715721743e-01
-6.400000000000002354e-01
4.919852744695109026e-01
-6.440000000000002389e-01
4.817779302917633566e-01
-6.480000000000002425e-01
4.715515048980485346e-01
-6.520000000000002460e-01
4.613056026250831887e-01
-6.560000000000002496e-01
4.510398146774913242e-01
-6.600000000000002531e-01
4.407537186225891079e-01
-6.640000000000002567e-01
4.304468777449331762e-01
-6.680000000000002602e-01
4.201188403271482463e-01
-6.720000000000002638e-01
4.097691390941866074e-01
-6.760000000000002673e-01
3.993979188110990397e-01
-6.800000000000002709e-01
3.890034537723676134e-01
-6.840000000000002744e-01
3.785858241515502876e-01
-6.880000000000002780e-01
3.681444923709319417e-01
-6.920000000000002816e-01
3.576789014507159026e-01
