3.5643044523559917
3.5640404309452096
3.563775081089717
3.563524313940067
3.5845637966229154
3.6059583822905132
3.580310494811775
3.578091389028158
3.5758882875964346
3.5736707199347597
3.571469156978171
3.569253122889619
3.5670628446064176
3.564848347360366
3.5626498563744997
3.5604453966498983
3.5582497106553745
3.5560468061983492
3.5538526460624844
3.5516525555874883
3.5494672297699053
3.5472686940980176
3.545077579997213
3.5428805776871064
3.5406996042129126
3.538504144341669
3.5363247131632387
3.5341327733687553
3.53195289702509
3.5297711899377973
3.5275928554781304
3.52540523758893
3.5232371624618564
3.521049838386864
3.5188845596245466
3.5167000028245834
3.5145350355982643
3.512352001303106
3.51018981320546
3.5080158943776265
3.505855257353142
3.503684121236774
3.501516159503943
3.499346554431925
3.497197884842704
3.495029833353386
3.4928750351869704
3.490708515623817
3.488554024959978
3.486398000097851
3.484248342550355
3.4820828070943373
3.479943670920519
3.477780864500348
3.4756420788810356
3.473480791208681
3.471344754745872
3.4691928593537367
3.4670583786951097
3.4649092286409378
3.4627671812623344
3.4606195587934856
3.4584881592882315
3.4563432542493864
3.454222569364897
3.452078026461008
3.4499497104323362
3.447807870786515
3.4456810831984734
3.44355000488076
3.441424750827645
3.4392952250419913
3.437172664540939
3.4350435212583132
3.4329224838713364
3.430796044190796
3.428685868353874
3.4265609796092664
3.4244523547320913
3.4223196113292422
3.4202125180760072
3.418090694659246
3.4159851427937107
3.413864853010259
3.4117714399287364
3.4096547964661212
3.407551346703854
3.4054362274063896
3.40334382032103
3.4012302309571103
3.3991393775470753
3.39702731567963
3.394938008524841
3.3928285883331473
3.3907408242851216
3.38864254461138
3.386546682420124
3.3844499349515047
3.382365253009276
3.380270048022723
3.378186906052713
3.3760932381817597
3.374012730422826
3.371920591887058
3.36984051435567
3.3677509908644696
3.365682234032568
3.3635942432883987
3.3615172207431767
3.3594405809195553
3.3573661604731537
3.355291073596967
3.353217092591641
3.351143543932113
3.3490721498325984
3.3470001376479717
3.344940201745376
3.3428697362795727
3.3408113443652754
3.3387324189849625
3.3366765991213523
3.3346091918457237
3.3325538580221616
3.330499094446915
3.3284452960103605
3.3263819953666065
3.3243297192844476
3.32226792482507
3.320227316358203
3.3181670450041407
3.316118835063871
3.3140702612505706
3.3120225458905184
3.30997550804073
3.307940569066579
3.305884819340746
3.3038514141745123
3.3018074564763182
3.2997755950376133
3.2977238449470843
3.295693505997787
3.2936526026880824
3.2916237979809226
3.289585407342263
3.2875581284902164
3.2855316891054134
3.2835059397979904
3.2814705912299154
3.2794463620369427
3.2774125127132914
3.275401276773073
3.2733689366100203
3.2713592510887004
3.2693274551460725
3.2673193058678818
3.2652899749227986
3.263283360757427
3.26126615724991
3.2592513764306803
3.2572493416392145
3.25523214885601
3.2532316515321247
3.2512159853661444
3.2492179520968945
3.2472038050417273
3.245207290542881
3.2563641963203906
3.2547094496259397
3.2530507575030683
3.2514049185425913
3.249750787421089
3.2480918170698736
3.2464475643268558
3.2448048824185425
3.2431475113893358
3.241502991204456
3.239860980377449
3.2381933686155215
3.2365526921299357
3.234895485712065
3.2332639274624713
3.2316230138154145
3.2299673857099203
3.2283255421991113
3.226686194802549
3.225030310311041
3.223400146963863
3.221761466725376
3.220107133603304
3.2184688674232187
3.2168396509365493
3.2151859653735553
3.2135594959865212
3.211906248930701
3.210277964244858
3.20864102344618
3.206999620715961
3.2053616841283206
3.2037366263198708
3.202095925622574
3.2004609188585516
3.198834276665983
3.1971942718861275
3.195571237409789
3.193933962674227
3.192295487330883
3.190672300635257
3.189034294409026
3.187409277792855
3.185787629835879
3.184150313831324
3.182528291303492
3.1809050418590195
3.179268408342748
3.1776594188083473
3.176036045517816
3.1744001119526146
3.1727803124347655
3.17115843854254
3.1695347693418636
3.1679156669153965
3.1662808703707155
3.164673851236514
3.163053140510767
3.1614307036875857
3.1598135294730487
3.158205213901435
3.1565717861609
3.154966263553531
3.1533476865514523
3.151726721281267
3.1501219470938624
3.1485040456992817
3.1468838142915594
3.145280540633772
3.1436608074363486
3.142058021085875
3.140440507998103
3.1388222393918523
3.137219437879415
3.130052706669183
3.122904217661169
3.115815602716709
3.108742956908264
3.1242633399581052
3.122215378430943
3.120153086279264
3.118107830158354
3.1160596788154913
3.1140157372021253
3.111957408728983
3.10991614853474
3.107872015109584
3.105832747346906
3.1037906260077
3.1017539931663336
3.0997162542040924
3.097690919477528
3.095642822870355
3.0936063613895683
3.091586402334307
3.089551298416686
3.0875215155028233
3.085488388377858
3.0834730473252794
3.081441903129562
3.079428552309788
3.077399976711174
3.0753880184849898
3.073374020771653
3.071364644961008
3.069339994546187
3.067332575572161
3.0653225823677057
3.075404055885973
3.085594996621947
3.0731644847609343
3.060853198201754
3.0486644229084576
3.0687616628146532
3.0668326688622023
3.064920614413586
3.062992648576132
3.0610822078325173
3.059156409048546
3.057247569302749
3.0553500442260906
3.053429035234428
3.0515202219368884
3.049613760949841
3.047706553734689
3.0457887162905535
3.0438961229413675
3.0419774648848605
3.044746426723802
3.047526000570872
3.0503012184307643
3.053099990534496
3.05590715348327
3.037818430786312
3.0199982255442843
3.002471378613289
3.0335094384701455
3.065515479530672
3.028690446084618
2.993045626702435
3.0299503692518184
3.0267178938803108
3.023476972908261
3.0202537664529494
3.017035872654254
3.0138098210242266
3.0106015367656633
3.0073980485392253
3.0041993415171584
3.0010193525356463
2.9978305544396466
3.0115876520076728
3.0088984004532024
3.0062262730682363
3.003556712441205
3.0008739578290786
2.9982101171343967
2.995563039715778
2.9928915726418737
2.999359289663259
2.997149464988638
2.9949385970872133
2.992731864183722
2.990526537257863
2.9883068837770885
2.986118556176592
2.9839154102745136
2.9817305590016607
2.979519044286615
2.9773208262760678
2.9834053166228705
2.981894472712966
2.9803699789919724
2.9788620584132994
2.9773519217801505
2.9758277919885954
2.974320589592902
2.972797266818773
2.971288369187028
2.9697818660335353
2.968259225020465
2.966764865388514
2.965259086094867
2.9637371519410776
2.962229353816948
2.9607387936201257
2.9592175486725005
2.9577129293524496
2.956220384025256
2.9547001012613587
2.9532105386712875
2.951704661991081
2.9501847965056074
2.948696006042735
2.947190801698902
2.9456860864153143
2.944198306920682
2.9426937880119706
2.9411898345914658
2.939688253316219
2.938184812509408
2.9366957876039126
2.9352095351512855
2.933692210453887
2.93220392829222
2.930718422577023
2.9292166726449813
2.9277291609561322
2.926229494042336
2.924728460614908
2.9232416775237295
2.921757681492732
2.920257392112111
2.9187713605154566
2.917288122782476
2.915788568894211
2.9143032838412197
2.9128208013514465
2.9113370942581795
2.914997172153312
2.918657311983698
2.9223653318296945
2.9109918702360007
2.909684555606984
2.9083607570011845
2.907050991380345
2.9057590014939034
2.9044493195628966
2.903125660209115
2.901831321544326
2.9005242680560026
2.899200720305992
2.8979065444276007
2.8965970661536655
2.8952902197557586
2.8939821416807843
2.8926728156210606
2.891381415030441
2.890058137836805
2.888764357780132
2.8874551282805094
2.886163999287025
2.884840826759258
2.8835472450149986
2.8822407084370614
2.8809472550086266
2.879639814681776
2.8783308355231334
2.8770400902428745
2.8757328075947357
2.874423963228851
2.873130811215142
2.871840306427453
2.870533228804141
2.8692402755111805
2.8679341091533868
2.866627184214051
2.865334390131073
2.864041645976582
2.8627515459787163
2.8614448439366544
2.8601522788096645
2.858862341150428
2.8575558066485094
2.8562634172854056
2.8549710757037743
2.853681382196047
2.8523749437666828
2.8510827672455967
2.8497906393232633
2.848487058813481
2.8471950634475975
2.8459029428167577
2.8446136382450753
2.843323961609208
2.8420320270293216
2.8407402931473835
2.8394370965119524
2.838145281169701
2.8368701372072476
2.835581037882413
2.8342754543097737
2.8330003481803674
2.8317090109989556
2.8304059457082644
2.8291313095541666
2.8278399082335968
2.8265654165413903
2.825262580783766
2.8239880244745743
2.822697084135477
2.8214111017931955
2.820120014379613
2.818846030777524
2.81755503702549
2.8162693607835263
2.8149784576854655
2.813704807465901
2.812419342116651
2.811128614753702
2.809854883116571
2.808581233029074
2.8072790441577893
2.806005549804377
2.8047324802043114
2.803445045949562
2.802157180500263
2.8008839830984993
2.7996108597956786
2.798326224858101
2.7970532801240076
2.7957800293786024
2.794475787355484
2.7932055630214188
2.7919329097165155
2.7906603265649923
2.7893762086329454
2.7881037992822373
2.786830995172114
2.7855445786425177
2.784274908092411
2.783002804286438
2.7817302668913086
2.780444136318752
2.7791924201870266
2.777920630550449
2.776634247293895
2.7753651308394782
2.774093043810698
2.7728215474998805
2.7715537199687295
2.770284411338777
2.7690131617636773
2.7677272120596745
2.7666509992222097
2.7653557416846626
2.7640639863350107
2.762759174876826
2.7614750264307713
2.76019074308676
2.758895825685495
2.757616391232389
2.756343362797196
2.755070149944556
2.7567070318953766
2.7583648570865402
2.760030401580739
2.7542072279077425
2.7484351673990792
2.742691217032176
2.7369769609606904
2.7312914218838142
2.72563436346271
2.7469878989105294
2.749102550749612
2.751224272685727
2.743403353220718
2.7356398800493906
2.7279273796358487
2.739975452560623
2.752194587365641
2.737694998292329
2.7233871504509293
2.73540647331326
2.747593247664915
2.733115265660084
2.7188290007096976
2.730790336118047
2.742919760968971
2.728517816770638
2.714302796469908
2.72623512690265
2.7383404442641766
2.724087124366342
2.7100208828950114
2.7224577251798943
2.720565680539214
2.718657995801447
2.716768453568399
2.7148648648399742
2.712979466313489
2.711078238324226
2.7091969826047677
2.7072999316621553
2.7054228226656436
2.7035298683159965
2.7016551523236414
2.699766294012956
2.6978795659595995
2.6960092851459363
2.6941266601779295
2.6922588325556083
2.690382090824859
2.688516611864358
2.7004334352651567
2.6992591742900762
2.6980992604990712
2.6969411218509176
2.6957838932077474
2.6946114225077773
2.693453320908529
2.692295126031112
2.6911396253629
2.689968871721997
2.6888107115371946
2.6876543508361035
2.686500596375257
2.685329873337999
2.6841734559229873
2.6830188521446403
2.6818506283097867
2.680696067500307
2.679541410250954
2.6783868645193625
2.6772204965366013
2.676065887184313
2.6749130064869635
2.6737602435499532
2.672593809649741
2.6714410934918655
2.6702901188920984
2.669137312630232
2.6679726542728304
2.666821743581229
2.6656707316901107
2.6645197308950617
2.663356981966431
2.6622060318023273
2.6610569588862045
2.659905913494444
2.658745096857033
2.657595976219923
2.65644686900229
2.6552977748748043
2.6541386717088375
2.6529896339962296
2.651842375412562
2.650695132948663
2.649536109412564
2.6483889277544472
2.6472417616369786
2.646096387950705
2.644937313461737
2.643792004236767
2.6426467134079847
2.641487029306973
2.640344361817723
2.639200945216742
2.638055756910984
2.6368979471572285
2.63575718810222
2.634613745948249
2.633470460943337
2.6323145449750376
2.631173905695271
2.630032521148661
2.6288911603028007
2.6277353432067607
2.6265964979035257
2.625455234569923
2.6243138481641743
2.623159948512539
2.622020565275588
2.6208819092552265
2.6197445968337068
2.618590655695704
2.6174512514262203
2.616314557207329
2.6151772344707283
2.614025387998665
2.6128881081397997
2.611753397629131
2.6106016528738527
2.6094663359096097
2.6083290380525535
2.607196488240202
2.6060465570238374
2.604911389708376
2.603776090683885
2.60264353693345
2.601493887859532
2.600360572788655
2.5992274565361893
2.6058090574000285
2.612433933653418
2.6191323628300083
2.603011128944156
2.5871673744679615
2.6010634037185705
2.615186122651944
2.5990372645665714
2.5831674257808386
2.5675651809265423
2.596365283574932
2.5952661128639707
2.5941503522030462
2.5930491036540078
2.5919526118749197
2.5908533073098443
2.5897375485470957
2.5886382308637854
2.587541602412792
2.5864444209465383
2.585330578193667
2.5842332131156587
2.583136624223732
2.5820393096231733
2.580927400672241
2.5798300797527824
2.5787327629132513
2.5776403048415295
2.5765282302477273
2.575433079324753
2.574337748041543
2.5732451639709826
2.5721352424691077
2.571039959941223
2.569944684261949
2.5688541090372894
2.5677440210606965
2.566650945869277
2.565557684363937
2.5644671795050744
2.5633590811807423
2.5622658748621463
2.561174849764075
2.560081460794608
2.5589783258910828
2.5578871631017495
2.556796013088621
2.5557048754624416
2.554601795736576
2.5535126967882746
2.552421413033233
2.551332556052774
2.5502293172091175
2.549140088741942
2.548051090065204
2.5469621066715207
2.5458631411407193
2.544774216543874
2.5436873165003684
2.542598200745924
2.541496703744201
2.540412263652998
2.539325460428622
2.538240924660739
2.537139273878908
2.5360549314328784
2.5349702572402357
2.5338856046329914
2.5327862864228363
2.5317040811430127
2.530619517741026
2.5295347388433616
2.5284375468570053
2.5273554477760385
2.5262730446536628
2.5251906657693826
2.5240912655694254
2.523010972097665
2.5219313547483493
2.520848850976184
2.5197515919588422
2.51867142814059
2.5260901647688447
2.5335827276571217
2.524304691448063
2.5151056115282033
2.5060137696571005
2.497008745922389
2.488073946371418
2.5204283071025806
2.519304075462512
2.518181999223775
2.5170453557268804
2.5159234576165987
2.514801626270436
2.5136649554191903
2.512543246212671
2.511426379567178
2.510304608568428
2.509170581170155
2.5080486667045556
2.5069321441049635
2.5058127987755805
2.504679058976373
2.503562228221365
2.5024457854030775
2.5013291621082114
2.5001954423855617
2.4990786778233876
2.497964983969583
2.4968336353558005
2.4957171270178025
2.494600693641299
2.4934895028764075
2.4923584451297436
2.491244421451945
2.490130760435927
2.489019653370855
2.4878910490934096
2.486777368216395
2.4856637648663407
2.484540591190922
2.483426880804527
2.482316010828785
2.4812049297866707
2.4800817954812344
2.4789709039993166
2.4778600930004036
2.4767518571426597
2.4756290513789043
2.474520711167801
2.473412760762458
2.4723045909468215
2.4795560415206865
2.486883212800235
2.4942846416818343
2.4769563403854136
2.4599825572252385
2.4753277282294492
2.4909896223440353
2.473946079249613
2.4726040878665403
2.4712628201149585
2.469909567119055
2.4685688526735454
2.4672310981872276
2.465881643684324
2.4645444463101542
2.4632079831560407
2.461859465469332
2.4605235459515296
2.459190617915145
2.457845929365847
2.4565109580460387
2.455167098881528
2.453838150696672
2.4525070494575627
2.4511641049843735
2.457573474444656
2.464038030640734
2.455977752767678
2.4479872319499822
2.4400632527124753
2.453181098914347
2.4665458917381224
2.451927381513074
2.4375693175894058
2.4498386401863046
2.462345519767634
2.44840248595385
2.434692425591696
2.4471616237671494
2.45984193793863
2.445017799047543
2.4304350065051947
2.442999983322273
2.4421311451827643
2.4412621840328548
2.4403934542694135
2.439509463920752
2.4386401175949173
2.437775617914399
2.436906062974968
2.4360390842682795
2.4351568260523004
2.434286887882183
2.4334191722636005
2.4325539940986665
2.431686077401599
2.430818041228404
2.4299377810458296
2.429069491396219
2.4282010819742363
2.4273379712770704
2.426468986401781
2.4255881545352223
2.4247189096068142
2.423852684201136
2.4229859631036472
2.4221218213033993
2.4212549070108453
2.420372984819433
2.419505820030403
2.4186413267820184
2.4177735424204245
2.416911543410796
2.4160290463510288
2.415163735025649
2.4142955017488164
2.4134299634380296
2.412564713945331
2.411701690434291
2.410820905074099
2.4099545348308826
2.409091294308867
2.4082251065664644
2.4073588068060134
2.4064826210816816
2.4056157045222344
2.4047519465873677
2.4038876693033107
2.4030204136921705
2.4021559159691175
2.401279077833216
2.400414383179549
2.3995495803565143
2.398687561836795
2.397822120387831
2.3969421923952687
2.396081985098535
2.3952162313066614
2.3943537147245713
2.393490663871751
2.3926245826069064
2.3917490280254925
2.3908856797985227
2.3900222274792857
2.3891582282666417
2.3882945651384144
2.3874188842554407
2.386557125277398
2.385692720084326
2.3848316273062964
2.383969986199623
2.3831052659445398
2.382228507547639
2.38136914286246
2.380507116940298
2.3796445316668633
2.3787823029428745
2.3779050354406888
2.377042118701681
2.3761821919922186
2.3753221329329266
2.3744589496005757
2.373583732519104
2.3727233618085704
2.371859848838959
2.371001935289252
2.3701413131246793
2.369280594630837
2.3684042854613505
2.367543348906705
2.366682316377212
2.3658233811798475
2.3649647908553355
2.364087978702521
2.3632296703731797
2.3623676806626337
2.361508694142419
2.3606518298904136
2.359774515690399
2.3589152663161426
2.358055421396502
2.357195985799092
2.35633864736184
2.3554822102913686
2.3546069108911754
2.353746611530691
2.352889374663847
2.352028885745856
2.356393715122616
2.3607890446926536
2.3549706010451956
2.3492074234061517
2.343481218566998
2.3529491965734026
2.362553486312833
2.3511260822826534
2.339835873927571
2.3495151862952053
2.348677775623437
2.347839738267765
2.346998911883518
2.3461639059051365
2.3453105238185694
2.344472081217982
2.343634068985985
2.3427954164639604
2.34195665761803
2.3411086859342305
2.3402697369855483
2.339433942631649
2.3385947854128086
2.337758792461732
2.3369194272559897
2.336070297535313
2.335234024574242
2.3343970986609843
2.3335606289066035
2.332723502168415
2.3318713569420577
2.3310365298513895
2.330199114682211
2.329361597237747
2.3285273104593447
2.327689593445382
2.326840149206088
2.326004757627145
2.3251695307224027
2.3243347879538807
2.3234960051046993
2.3226460754111566
2.3218104349683664
2.3209772706371994
2.320141479226675
2.3193055903035313
2.3184730045195243
2.317621876863292
2.3167856735282495
2.3159553861472664
2.3151190366420953
2.314285410530671
2.313437222686278
2.31259994906313
2.3117666293021957
2.3109352291164966
2.310101159769266
2.309266997787533
2.30841760903644
2.3075832334846726
2.306748764662018
2.310206541012003
2.3136673952502127
2.317162487405706
2.320667885446838
2.3072381826599293
2.294034167182902
2.3059503072786596
2.318078500438693
2.304905384440766
2.30680270393559
2.30667321924392
2.3065287395220686
2.30638422333488
2.3062396706660175
2.3060950812646333
2.305950455076556
2.305805791999971
2.30566109195244
2.297164062911543
2.288760180761802
2.296138873650631
2.3035968416967822
2.3111410242668695
2.2942245490411803
2.2934848242906627
2.292755776777968
2.2920265680726875
2.2913014867967187
2.290571965811549
2.289848579951254
2.2891224155752066
2.2883779872510086
2.28765149768236
2.2869248586700985
2.286198069824513
2.2854704478465178
2.284746024721471
2.2840188189367705
2.2832762767437034
2.282548056003535
2.2818203743317333
2.2810918442687056
2.2803675649900708
2.2796387323488023
2.2788972486090064
2.2781725487061593
2.2774432702324203
2.2767175714658485
2.2759917285517135
2.2752619914965573
2.274535852585559
2.2737970387559425
2.273070623196811
2.272344062234975
2.27161663184019
2.270889777000674
2.270162776634616
2.269434898551428
2.2686925860342786
2.2679668738251086
2.267242376041411
2.2665146562736527
2.2657860475564373
2.2650611209783342
2.2643322142127085
2.263591942598313
2.2628690635603377
2.2621397256621774
2.261414102569103
2.2606883389835457
2.259962434661069
2.259235627660054
2.2584943340746766
2.2577679803828
2.2570432574599457
2.256316657212449
2.255589141552602
2.2548614790076353
2.2541193227248364
2.253395280979446
2.252667162668276
2.251941445992484
2.2512170282290507
2.25049247628267
2.2497638187337037
2.249023814489416
2.2482948430818874
2.2475697127425898
2.2468436428414975
2.2461208373220707
2.245395336403085
2.2446688893812254
2.2439278876708526
2.243201135392308
2.2424750593559963
2.2417480262289864
2.241023461560083
2.2403002406124792
2.239557575601466
2.238830825498048
2.2381071786519833
2.237379322758292
2.2366554107570726
2.2359290569321977
2.2352049184317444
2.2344653435037873
2.233736802207887
2.2330113866989043
2.2322866914378183
2.2315610088459206
2.2308360491300876
2.230097442108527
2.229372230939565
2.2286460221623647
2.2279196766078897
2.2271931938962286
2.226471635637612
2.2257448898017564
2.2250053096574547
2.2242825066129814
2.2235553689896097
2.2228314246855856
2.2221040128684297
2.221380699140803
2.2206572599938745
2.2199133832849043
2.2191921264739154
2.2184674136552074
2.2177434764521387
2.217018505713445
2.216294314545256
2.2155538875083236
2.2148284978219497
2.2141054606326147
2.2133807721738403
2.212655032211254
2.2119334867475375
2.2112074900138223
2.2104661025900536
2.2097432261086833
2.2131473081610586
2.216557924061113
2.2200083766019545
2.223458972776494
2.22695113867543
2.209905138912739
2.209351622571684
2.208803236072391
2.2082502751112747
2.2077005634469913
2.2071472113689534
2.20659711817567
2.2060282337529102
2.20547774443245
2.204923597774988
2.204372723150957
2.2038241224266146
2.2032738586800176
2.202717986918548
2.2021663712596125
2.20161456581729
2.2010625698366777
2.200510383048573
2.1999580050216565
2.199391255068817
2.1988374981992327
2.198284531072252
2.19773137204131
2.1971804860445987
2.1966269669890615
2.1960732567271872
2.1955183490374255
2.1949688006820223
2.1944145157431763
2.1938590275377603
2.193293749619162
2.192738875114605
2.1921873735668758
2.1916321152972618
2.1910756422372284
2.190523573498707
2.1899748417865954
2.189417811856134
2.1888652064734107
2.188308819708938
2.1877558351282156
2.1872026654484067
2.1866341046211817
2.186075887072552
2.1855221358430796
2.1849681978919118
2.1844140725552803
2.179225343313547
2.174071381312891
2.1689480256820204
2.1778350975249303
2.1868529261747067
2.176457684238403
2.17580922679194
2.175136784721475
2.1744806596223913
2.173828063626919
2.1731716285266858
2.1725187331853038
2.171861989175068
2.171208791780752
2.1705403055352024
2.169885431529852
2.1692317960839573
2.1685780136410147
2.1679192258868554
2.1672651374583825
2.1666109001410705
2.1659565135188528
2.1652867755172096
2.1646344359674625
2.163979610878035
2.1633246362183676
2.162669512137211
2.1620142390399018
2.16136259379373
2.1607070212530988
2.1600360374587773
2.1593789711453764
2.1587303097049784
2.1580729793912568
2.157416668291539
2.1567640159902224
2.1561062205387382
2.155439168142814
2.15478605983047
2.154127780341282
2.153476818642444
2.152824509713417
2.1521658152871996
2.1515120184255867
2.1508580790395184
2.150188633910812
2.149534379159796
2.1488799808082977
2.148224220649992
2.147572025383446
2.146917231274002
2.1462622936017417
2.1455905760217937
2.1449353157714217
2.1442799134467396
2.143628282296744
2.1429725920572027
2.1423180186100312
2.141666013733203
2.14099448595906
2.1403369618340293
2.139685771422438
2.1390279560602767
2.1383752198622554
2.137722350243603
2.1370640882165652
2.136413513046664
2.1357447537301386
2.1350860537879544
2.1344324942102566
2.1337787974921034
2.1331249631873135
2.132470991147482
2.1318168812798284
2.1311496733646216
2.1304939840946826
2.129839466065209
2.1291848112893117
2.1285286908730585
2.1278737568150077
2.1272173459426136
2.1265675290736765
2.125895520355619
2.125242349182612
2.1245908055932112
2.1239336993266407
2.1232764434648423
2.122625860916301
2.121968326354577
2.1213007476656833
2.1246811408477004
2.1280716618495523
2.131501612228702
2.1349330101191946
2.1225481805270707
2.110365443784979
2.121725184551013
2.1198202108327173
2.117902647487819
2.116006384308069
2.114092742800014
2.1121849379562123
2.1102977056033034
2.1083951045387277
2.1164550224150536
2.124648217338983
2.1155539713376035
2.10659227841406
2.114410189846032
2.1223331151264313
2.130376199377293
2.113044674487724
2.0961402102538815
2.111266331915756
2.1267922682170326
2.111088107496985
2.0957374798756154
2.109740537995775
2.107467143707362
2.1052062733190953
2.1029375883425376
2.1006814307884447
2.106199019151319
2.1117913283673193
2.117421525469772
2.104568236409932
2.1039163396343294
2.1032724992159695
2.1026246585614183
2.101978182519544
2.1013161752911835
2.1006678979744358
2.100020993814872
2.099372444079173
2.0987252767521363
2.0980788948354836
2.0974299745584326
2.096788341728681
2.096123672712122
2.0954743152472934
2.0948263667965876
2.0941826633372753
2.0935329017950908
2.0928854696032673
2.0922414347662732
2.091575761231568
2.0909314416899982
2.0902810027778056
2.0896364315402005
2.088991739118494
2.0883408982689184
2.087695952101445
2.087037830324826
2.0863849914805095
2.0857396772410377
2.0850942400433454
2.084447068019868
2.0838013811437524
2.0831539547802356
2.08248656562641
2.081841072916294
2.081194891006362
2.080546936839137
2.0799066694019572
2.0792584718603955
2.0786101408489683
2.0779479504281833
2.0772993206644403
2.079939732690028
2.08257169938475
2.0852214823920203
2.087884664944138
2.0905674809815453
2.076190842558065
2.076871284705972
2.0775550459499836
2.078247249113523
2.078932636410232
2.079636739146485
2.0803167480297065
2.081008801561951
2.081716059214104
2.0824074158462405
2.083119635966954
2.071598949570739
2.0602900627646146
2.0699213711184443
2.0797102073093936
2.0896643750320223
2.069281308861658
2.049512529567594
2.067572752509574
2.0671383004793555
2.0667019084343714
2.0662740612894783
2.065837331933311
2.065400418593054
2.064963320939955
2.0645260388645985
2.064088572407012
2.063650921569442
2.06321961216958
2.0627816006284316
2.0623434048138134
2.061905025245181
2.061457663299512
2.061018909555456
2.0605799728865186
2.0601456280963406
2.059706317553222
2.059266825410831
2.0588337645242527
2.058392081678735
2.057958676920073
2.057520759972345
2.057087022724483
2.0566446127012856
2.0562105287924557
2.0557677389856286
2.055333306868862
2.0548901359549214
2.0544553551002593
2.0540050384020487
2.0535612984288045
2.0531241080493086
2.0526886157303217
2.052244303518246
2.05180846323767
2.051370559070561
2.0509324822987085
2.050489311219124
2.050050864240143
2.0496145569179762
2.049177687377516
2.048738730944096
2.0482995973082057
2.047860285891997
2.047413906040939
2.0469761669422875
2.046520928266517
2.0460808751807504
2.0456406425192584
2.045200230023232
2.044759637456635
2.044325817678354
2.0438848743617934
2.0434437501640534
2.0430024451623563
2.0425609595214844
2.0421192935801713
2.034957976740925
2.027862071216488
2.03483393273033
2.033994168535232
2.0331524451376852
2.032310783288668
2.0314558078305343
2.030616409301349
2.0297749425926552
2.028933535328764
2.028083937095785
2.027242591392877
2.0264013051721257
2.0255696790194877
2.0278386790770884
2.0301233681780526
2.0324135153720837
2.026628266710422
2.0257016677962327
2.0247979099343585
2.023896594166774
2.022983784873911
2.022065073321567
2.0211620000004897
2.0202569412678617
2.019356561646752
2.0184362723226297
2.017531704217622
2.0209245689310427
2.0243231449706247
2.0199358204751743
2.015599093530688
2.0189702485063
2.0223930141393165
2.0181472319084595
2.0139429799005164
2.0097537586567813
2.0166143150370903
2.015820300932443
2.0150316102644448
2.0142251199865404
2.0134364272521355
2.0126455327053105
2.011847029974445
2.0110452029866748
2.0102543697767485
2.0094635621048735
2.0086750683754397
2.0078843129038915
2.0070802519539885
2.0062895457082544
2.0055066179496057
2.004715970961457
2.0039253444970138
2.0031192552368573
2.0023385514470693
2.001548006644099
2.000757487003059
1.9999724835916963
1.9991664103991234
1.9983837846771875
1.9975954993707776
1.996810632256599
2.003169673031925
2.0018922203381013
2.000623574962523
1.9993425042737367
1.998067798091326
2.000595196751078
2.0031354702249846
2.005688720910256
1.9991279856638156
1.9926127881679383
1.9861788969122065
1.9983082892467952
1.9972772192290154
1.9962663576517476
1.995251374600456
1.9942448216891338
1.993215035549728
1.9922032433073609
1.991189696117929
1.99016905982519
1.9891561257132788
1.9881540190685607
1.9916864208885463
1.9952763669726103
1.9910970261174747
1.9902425265558634
1.9893942599935466
1.9885379102004879
1.987671837075378
1.986815615127004
1.9859700286812565
1.9873556439694
1.9887325923323926
1.9867456172182898
1.9847688014926643
1.982786144431527
1.9852539566347858
1.9847593605922922
1.9842536840759437
1.9837583842442985
1.983260777603944
1.982763017493748
1.9822651026118883
1.981758573533457
1.9812448097433344
1.9807463787257604
1.9802477903924176
1.97974904419204
1.979250139628526
1.9787510765320109
1.978251854672563
1.9777546900523768
1.9772551850316247
1.9767555216896722
1.9762557002311834
1.97574013151627
1.9752372764727735
1.9747369394681675
1.974236446040559
1.9737357973471648
1.9732322573888368
1.972739994398958
1.9722388658035428
1.9717348467913096
1.9712356792534051
1.9707341128671958
1.9702227296637465
1.9697208043393508
1.969215946386859
1.9687225288011934
1.968217349566193
1.9677147856970962
1.9672181392728199
1.9667152549449525
1.966218311173852
1.9657151098998966
1.9652044734177685
1.96470096163502
1.9641944553469628
1.9636967442477191
1.963198905731792
1.962694743149199
1.9621965894547906
1.9616892437533668
1.961193663258899
1.960685998513516
1.960187225376858
1.9596728890434405
1.9591646724131178
1.9586674454122344
1.9581680854238974
1.9576714915336049
1.9571626695759194
1.9566628451802748
1.9561628746668047
1.9556627569447746
1.9551624911931977
1.954637348864494
1.9541367370717515
1.9536359767815612
1.9531320660727496
1.952633073396738
1.952131896063221
1.9516305685983122
1.9511290914519948
1.9506274647109887
1.9501226530728353
1.9496051737543767
1.9491030532321718
1.9486007853572853
1.9480952934572622
1.9475927151860455
1.94708999227162
1.9465956762112318
1.9460926773954006
1.9455895370052798
1.9450831358430292
1.9445796908405062
1.9440573064256217
1.9435631438158218
1.9430560714215157
1.9425519785478351
1.942054263990951
1.941549861227617
1.9410421430761522
1.9405471664069502
1.940041359993423
1.9417669066806664
1.9435248339492157
1.9452918455332027
1.9400261546674724
1.9394224057971345
1.9388119761236644
1.938200430864738
1.9375807977393071
1.9369700685319289
1.936365851207956
1.9357516442095581
1.9351505320800468
1.9345460555959524
1.933931535801655
1.9333133866091454
1.932698624240296
1.932097107690256
1.9336489181539294
1.9352187059969599
1.9327407238764371
1.9302714600719888
1.9278053199018153
1.9318991445830367
1.9360215831725198
1.9303881618102268
1.9297718963469919
1.929145358556763
1.9285289170177446
1.927915786685506
1.9272991871003287
1.9266568708643437
1.926041956195641
1.9254216643565445
1.92480473253109
1.924187720242419
1.9235706271464417
1.9229534530303953
1.9248678968747184
1.92681850545107
1.9239626162196455
1.9211279459629451
1.9232045706869263
1.9253028334602167
1.9217963795191837
1.9218335681541932
1.921870901408456
1.921911889504543
1.9219495115530831
1.9195296150095538
1.9191582534116058
1.918797307676054
1.9184255947469397
1.9180573072529423
1.9176958678905696
1.917325610358585
1.9169638918084082
1.9165913452429009
1.9162293254948375
1.9158564278379693
1.91549410262754
1.9151352434131934
1.9147618733507967
1.9143990714872126
1.9140253544466581
1.9136622405904609
1.9132881793066367
1.9129247513653356
1.9125611770948803
1.912171152590651
1.9118072474433068
1.9114395052741957
1.9110643504766587
1.9092228968123348
1.9073671777295402
1.905512969459564
1.903675528055412
1.9018276762171886
1.899996706945483
1.9058112852301834
1.9061521279605733
1.906493706900187
1.9068552779895345
1.9045189315340783
1.9021943581332867
1.9041076034931754
1.906020085330899
1.9026339006878086
1.8992845862352492
1.9015735921541155
1.901797870914085
1.9020420966943445
1.900579466984588
1.8991340976437328
1.8996893940425594
1.9002307079867988
1.900800220034088
1.8988101415996743
1.8968146325995943
1.89753827461151
1.898250229235331
1.8989755039326481
1.8997066083895238
1.896347277804153
1.8930287663046519
1.894899675561883
1.894505717045699
1.8941116063557775
1.893713259051487
1.893318832061956
1.8929242546578287
1.8925254243182577
1.8921305310709986
1.8917313769601498
1.8913361679632095
1.8909213456629317
1.8905257987962032
1.8901259606703045
1.8897319115145654
1.8893317604804019
1.888935618020992
1.8885351266617376
1.888138679581866
1.8877498236381394
1.887353037477642
1.8869519196609945
1.8865548369128708
1.8861533730097713
1.8857517298606794
1.885354191917693
1.8849642934003605
1.884546784877126
1.8841487265214156
1.8837462357482861
1.8833435612952893
1.882957223965823
1.8825542491360927
1.8821529548532305
1.881766217469532
1.8813627821390195
1.880959161764958
1.8805553556610382
1.8801637276035055
1.8797639720299777
1.879359682267948
1.8789675830489294
1.878562953390961
1.8781551458867496
1.8777501479754029
1.877349442214374
1.876956573243128
1.876551100409205
1.8761579563226414
1.875752141464285
1.8753587155373015
1.873589023507309
1.8718357724167682
1.8700673295517374
1.8683328272683988
1.8665747909164132
1.8722014556514475
1.8714141045934203
1.8706141163455454
1.869829057992458
1.8690265557577346
1.8682268805748712
1.8674402098477683
1.8666536858690868
1.8658543606649678
1.8650544031521015
1.8642635470157611
1.8673436772085243
1.8664152681932984
1.865487240615243
1.864559590244753
1.8636186484646964
1.862691737496812
1.861747232458805
1.8608055802540022
1.863563126483677
1.8663166076684279
1.8690780688064836
1.8622931216813712
1.8556025941011691
1.848952563399089
1.8646695685622263
1.8615395523346971
1.8584128865301874
1.8553025083227572
1.852212795726126
1.8491539435808568
1.8600954971031194
1.858745242009137
1.8573964743564524
1.8560304603316842
1.856922274585888
1.8578029118673394
1.858686133957729
1.8595854672422596
1.856069648516013
1.8553502979677294
1.854653071110465
1.8539542049014295
1.853255383034901
1.8525515257809135
1.8518372850798315
1.852824727543226
1.8537842254426198
1.8516692090995244
1.8495576647410779
1.8506812384458788
1.8518396063797788
1.8500346377340082
1.8482310591356885
1.8497070743978912
1.8512059472646205
1.85271759716183
1.854212672967528
1.8472513636439079
1.8481303031830079
1.8468416317864296
1.8455511313173294
1.844257936910156
1.8429679716118965
1.8450159154005075
1.845251504551982
1.8454862802794971
1.8457020091368816
1.8436049152227412
1.8415444121004274
1.8433472841102345
1.8451684420969405
1.8423633009606826
1.839582392674857
1.836811251212795
1.8402656222099163
1.8408103549500334
1.8413637887715701
1.84189866782738
1.8391285958919816
1.8363626789497065
1.8381794361177817
1.8380369877841216
1.8378944662058738
1.8377518708655765
1.8376239626402935
1.8374812543400045
1.8360589698479344
1.8346248286116396
1.835164697117621
1.8357014775848164
1.8348086176629856
1.8339124534826645
1.8330139143786517
1.83328722600353
1.833549028008892
1.832761907499338
1.8319884800518254
1.8312208832723769
1.8304627538788936
1.8296896840547483
1.8289013190099823
1.8304949725244142
1.8321027749429413
1.8291087929778533
1.826141668097333
1.8293395738256413
1.8325596315003447
1.8281826459894872
1.8272769697055629
1.8263730001481566
1.8254832903823062
1.8245939475259536
1.8257186675467156
1.8268550109095756
1.8254844578281562
1.8241292112399714
1.8227601305811723
1.8242997080857424
1.823862909593021
1.8234415645062643
1.8230141614595676
1.8225768468072943
1.8221551152411584
1.821727276443574
1.8212894640664343
1.8208519749727916
1.820423639650386
1.8200012094868239
1.8195627664856646
1.819135631965318
1.8187128481642292
1.8182899226301406
1.817844725073238
1.8174215613897027
1.8169920601916725
1.8165686144139084
1.8161450319384143
1.815699697238025
1.815259659131339
1.814829348789433
1.8144052222390998
1.8139746598982653
1.814441024950459
1.8149237889826262
1.813761049856444
1.8126163637561146
1.8126415864730991
1.8126786835944582
1.812722287936821
1.81274325318618
1.812787164631756
1.8128301154924544
1.8128678000094625
1.8129120609513465
1.8129335633207164
1.8129781348506264
1.8084949998853208
1.8080643695029228
1.8076335867212632
1.8072091981197422
1.8067781088444996
1.8063468623987289
1.8059221174494806
1.805492408869132
1.8058192039464602
1.806125060468131
1.8053186113652746
1.804507639064175
1.803686109732877
1.8041760151362949
1.8046497132962318
1.8030405549232653
1.8014477336162384
1.8021881513724045
1.8029633863255454
1.8015088862727042
1.8015888021930926
1.80166892200429
1.8017492461631202
1.801845222236261
1.7994953660180655
1.7971364327193458
1.7948017340741833
1.7924899450351501
1.790168660339716
1.8004722162575457
1.798102373181045
1.7957235464867165
1.793387004953456
1.7910379585154952
1.7973156102546506
1.7947768981567607
1.792246364854507
1.789715049408918
1.7872187695647126
1.7847233824123243
1.7924489452269334
1.793702178898556
1.7949654500222114
1.7962303418489747
1.7922924550977153
1.7883546163009076
1.792009495646639
1.7918755280749106
1.7917415064630338
1.791607428974206
1.790001595072856
1.7896428415492664
1.7892911601999821
1.7889138344023836
1.7885545580671378
1.788202532825888
1.7878429910218063
1.7874906731239806
1.7871308579786658
1.7867782517143596
1.7864181562447068
1.7875712980190335
1.7863045435686726
1.7850125431133363
1.7837314095442816
1.7824346343482749
1.785129232907192
1.7836559425257583
1.7822131000978638
1.780736272003836
1.7792976572416304
1.7826190172491483
1.7816428968241262
1.7806578843346919
1.7796811612304573
1.7787126236362365
1.7815900071589745
1.7798775960716808
1.778193260302717
1.7764791972250382
1.7748013209758442
1.7730932011256852
1.7789098080397914
1.7773432382511303
1.7757806893491543
1.7742538762597653
1.7727038329532623
1.7711622961054563
1.7696272692602673
1.7681117445518288
1.7665616170612883
1.7753447377394864
1.7745124296072798
1.7736711161031997
1.7741549353941446
1.7746226678133656
1.7750932953842846
1.7755767119244457
1.7760646546449892
1.7723938638489116
1.768769591220737
1.765172950622088
1.761563010684951
1.7580163881210453
1.7544680698229091
1.7705145867866103
1.770618238778002
1.7698012552290712
1.7690047425282962
1.7681883196143737
1.7673665054343766
1.766550536710236
1.7657347739245561
1.7681622468985034
1.7705911903821376
1.7669471941915473
1.7633087853244056
1.7597156973751082
1.7561137704911989
1.7525584768230935
1.7490343933172585
1.7455165282121983
1.7645352515633232
1.7610274379674262
1.763785642279088
1.766573835269266
1.763024412312112
1.7594852745428196
1.7559489271469593
1.7524585962244803
1.748964914205478
1.7454946998546108
1.7608732312524333
1.7609182572051458
1.76094246452169
1.76096679254047
1.7609912411175266
1.7610158123734474
1.7610615083294188
1.7610863142162323
1.761111243938581
1.7611362987866124
1.7611614798446384
1.7565577444832212
1.7519715860170346
1.7474412719132935
1.756386068916817
1.7557133850227316
1.7550254444751836
1.7543617431264682
1.7536890831782757
1.7530381356353764
1.752367203486772
1.7516947564895142
1.7510068372999164
1.7503563403154585
1.7496838884820045
1.7514901948965829
1.7533032631650383
1.7551095918115154
1.7569319936543222
1.7507297042622851
1.750385163640446
1.7500404337089934
1.7496641705515619
1.7493192496133556
1.7489649976904706
1.7485820528797096
1.7482273967474322
1.7478819395843392
1.7475139780478783
1.7471587961045818
1.7468129711723797
1.74643500269412
1.7460890077722189
1.745733336674792
1.7453870127748314
1.7450083184084992
1.7446618388606354
1.744305617965307
1.7439588052446107
1.743581048708289
1.7432341307914276
1.7428773401748094
1.742514625796129
1.7421345164336857
1.7417772241125666
1.7414296567487413
1.7410721794843615
1.7407242836140906
1.7403666074137893
1.7399952257832871
1.7396370526171043
1.7392788424885013
1.7389303735179014
1.7385719355965041
1.7382134449455755
1.7378409025399504
1.7374818985060623
1.7371329198854149
1.7367585882177985
1.7364004955124372
1.736051039567055
1.7356914471662275
1.7353317685948666
1.734958095726507
1.734597901972713
1.7342376130746473
1.7338875992260154
1.733527029745619
1.7338589873910593
1.7341777667464235
1.734524847607065
1.7348691293079717
1.7318353748782422
1.732941992201193
1.7340664174869187
1.730579625818804
1.7302905868996339
1.7308429108161065
1.7313953877989805
1.7319351247949173
1.7325041988438494
1.7285941085436605
1.7291799945007125
1.7297697022736538
1.730359701671317
1.7309515046662884
1.7268839944109609
1.722827047526171
1.7188258174410957
1.7148084049656265
1.7264899438528718
1.7256423887875627
1.7258466699981387
1.7254508075585981
1.7250548378596977
1.7246697135766222
1.7242582540058489
1.7238618406680417
1.7234653063831011
1.7230796440469258
1.722682821951014
1.7222858714959135
1.7218887890524845
1.721491570534352
1.721550060858851
1.7215830228780147
1.7216305809915922
1.721689427216563
1.721711643183666
1.72178596271669
1.7191838868505256
1.7194601007765478
1.7197501167374807
1.7200275801377738
1.7203204323416035
1.7172255114367405
1.7169584063933487
1.7174906091446975
1.71806554709772
1.718587591957148
1.716896669706718
1.7151962305299873
1.7135120747872699
1.7152091292629184
1.7169423106814663
1.7186667135704625
1.7203990771878566
1.7141812721282546
1.7139548974212917
1.713268073984089
1.7125407946031865
1.7118273721650876
1.712133515748234
1.7124694962809421
1.7119778527547895
1.7114576032556825
1.7109371680945378
1.7104317799451514
1.7099264720917662
1.7099924039898977
1.710019144502665
1.7100734309982861
1.710139946939993
1.7102099408528484
1.7102477098137068
1.7103024632715966
1.7103575883873527
1.708106904591797
1.7058509762602463
1.7067173564629465
1.7075880007843258
1.706401374209279
1.7051741531950118
1.705226953133778
1.705281300557394
1.7047831990510782
1.7042742393019288
1.7043522370289663
1.7037566531110566
1.7031475921316452
1.7035369974335217
1.7027293552895717
1.7028137470385714
1.7021106106029902
1.7013790280607008
1.701990227921792
1.7025866557696396
1.7032147042910997
1.703814595945142
1.704431874134741
1.7050662306228221
1.7056692050460722
1.70629153219274
1.6995082125549743
1.6974877909897375
1.6994118899602055
1.69727227755215
1.6986981629804843
1.7001160757477312
1.6968351018632166
1.6935990173573736
1.698587399024948
1.7036594322081857
1.6960972873677251
1.6886329154350053
1.6938116439074178
1.6990363654662188
1.7043376141079956
1.6950442924402516
1.6945970809033848
1.6937504759833522
1.6928889817779447
1.6920429078138381
1.6912279842058795
1.6903975509678975
1.691536866073483
1.6927105555638404
1.693889113357406
1.695070844619139
1.6962422181354455
1.6908073670297
1.685468256098019
1.6901201241617765
1.6879146238074956
1.6857144917809412
1.6835368929576313
1.6885472860913175
1.689447036038835
1.6904097314887547
1.6878174921268099
1.6868730838704704
1.6859304994113007
1.6849885790768806
1.6858773772105056
1.6868014184867088
1.6876943600140337
1.688624213043203
1.6895240208278566
1.6850827532952235
1.6843979750284959
1.683695319636088
1.6837042526078985
1.6837134696428553
1.6831316473288411
1.6828664458424085
1.6825867845873244
1.6823070018373065
1.6820270952328529
1.6817470604478524
1.6814668958642414
1.6812010451300412
1.6809205896318096
1.6806400022887469
1.6803444922936481
1.6800636138088278
1.6797836061966946
1.679275951880351
1.6788008496139724
1.678521094140091
1.6782411928476273
1.6779611448332277
1.677680949207228
1.6774006040745915
1.6771201092357957
1.6768394635609203
1.6765586660462684
1.6762931507259995
1.6760121435410495
1.675730990773897
1.6754827565978712
1.675201413510797
1.674919919375545
1.6746382737895282
1.6737739450640352
1.6729752406816698
1.673847140019339
1.6747079873672748
1.672833396776959
1.67099546040329
1.6691301198219157
1.6716798196465215
1.6712328015589466
1.6708038718625824
1.6703753173161047
1.6708093413072642
1.671243357958656
1.6703402123341378
1.6694712995979049
1.6685536341372513
1.6687432867857015
1.668899433189067
1.668199587347172
1.6679521404775772
1.6679231554384857
1.667895422219503
1.6669248689266611
1.666711030935213
1.6664615425324882
1.6662120902430115
1.6659975880052966
1.6657479192057822
1.6654817174970957
1.66523159287611
1.6650171026829668
1.6647667797134513
1.6645165416895555
1.6642854199130919
1.6640343816617242
1.6633848434157936
1.6627704770393201
1.6629307492005525
1.6625659234104302
1.6622009592738414
1.6618358547971963
1.6614555234621937
1.6610900818969827
1.660724492901795
1.6603587543555096
1.6600100493011447
1.6596440890398456
1.6592779838875424
1.658911735409418
1.6585453403067763
1.658623324762413
1.6585654978251079
1.6585445338370826
1.6580341091222137
1.6575065624634615
1.656958926724291
1.6568644515251219
1.6567703858835048
1.65629564510427
1.6561650938343424
1.6556890450520907
1.6556739547632784
1.654929827725876
1.6542197708188824
1.653489240199207
1.6539032121726431
1.654318173363253
1.6547478196663148
1.655164712998782
1.6555826021676041
1.6529573587428525
1.6526473034915303
1.6523373479427608
1.6520275095388819
1.651737789815732
1.651427018285399
1.651116382815745
1.6506183104564576
1.6501385509873152
1.6496256487241823
1.6491275629923778
1.648647220868778
1.6497587297223504
1.6508981742218412
1.6487928173517024
1.6482826371423203
1.6481994611717128
1.6481164724059705
1.648033667791558
1.6473627899566807
1.6467149417444507
1.6464472523887752
1.646219689495613
1.645933736354349
1.6457062168180017
1.6454384440367842
1.6451515327316248
1.6449238808758855
1.6446563252092128
1.6444088712978684
1.6441406981215017
1.6438933920064778
1.6436246147484073
1.6432342179645971
1.6428031452118765
1.6423571096905283
1.6419257429398453
1.6414942744494452
1.6414612113157776
1.6414281779939963
1.6408796514212414
1.6410150758210298
1.639938119560083
1.6403320814243225
1.6400051600161771
1.6397199411542989
1.6393933070722881
1.6390881155495673
1.638760538091763
1.6384758398582209
1.6381288269567498
1.6378010139213672
1.6375151509422579
1.6371671358478874
1.6368814570205803
1.6365532059649097
1.6362326224540495
1.635903438527965
1.6355750828961617
1.6352682798341842
1.6351406682201084
1.6349932191454493
1.6348025801188069
1.6344946532392026
1.6341439519269567
1.6338154744554698
1.6334638049280965
1.633112904372163
1.6327835405015425
1.6324317006967721
1.6322443755606821
1.6320776941682986
1.6318904532379799
1.6316590228189922
1.6310956987737932
1.6305541287555685
1.6299770577150934
1.6294137205737107
1.6296701538261642
1.6299618581831583
1.6296597875714685
1.6294004982598964
1.6291469256779494
1.6288425763491798
1.6286040741807892
1.6282991968995115
1.627546729380617
1.6267735713518088
1.6268588444349215
1.6269451913337583
1.6270551835350617
1.627141135999823
1.6262925860178679
1.6262049729756796
1.6261173272685827
1.6260296486606092
1.6258948481230537
1.6258081756593046
1.6257240759595841
1.625637353425995
1.6255506057235083
1.6254664374130532
1.625379641034233
1.625294161327775
1.625207308504225
1.6223088601010682
1.6194251884489277
1.6165580525476906
1.621750781889963
1.6214233649469896
1.6210997861458734
1.620775681930501
1.6204479219240056
1.6201227095009874
1.6197960640129625
1.6194706055100427
1.6191423250770527
1.6188166183833088
1.6184894589121015
1.6181635042120859
1.6178388156302872
1.6175126142597747
1.6171702857163983
1.6168437916052203
1.6165185732350498
1.6161904858426233
1.6158622669655376
1.6155380367653764
1.6152095691952255
1.6148837401472567
1.6145577925254408
1.6142289435455934
1.613902409933318
1.6135761315550652
1.6132497328189603
1.6129232130195466
1.612592375328823
1.6122656092579275
1.6119253482317752
1.6115982905121211
1.6112697171264103
1.6109424164705572
1.6106135895636209
1.6102874901548656
1.6099584106293623
1.6096306214293952
1.6093041582091518
1.6089747052178334
1.6086480026277885
1.6083182981414752
1.6079899197500938
1.6076628574905376
1.6073356761441975
1.6091500469429216
1.610989058073368
1.6128385579240907
1.6146983365623981
1.616567826289133
1.6073776238962556
1.5983844378749221
1.6078144678346207
1.6071290971860528
1.6064439405049291
1.6057589947424
1.6050739747413436
1.6043775128589384
1.6036931598411819
1.6030105163858397
1.6023280917489526
1.6048191510158978
1.6073294204224038
1.604231189791617
1.6039896866373557
1.6037510726899646
1.6035093322945935
1.6032686396005047
1.6030297004294547
1.6027728028097377
1.60253361723599
1.6022897656795778
1.6020503530347787
1.6018077716216994
1.6015681292574135
1.6013237816239774
1.6010839096656675
1.600842390850886
1.6006022894479883
1.6003574462203511
1.6001171154879383
1.5998751220586416
1.5996345625448625
1.5993923344516685
1.599149987973921
1.5989075226546756
1.5986665017851105
1.5984237993208912
1.5981809772125517
1.597938035238231
1.5976981261128373
1.5974549490418963
1.5972116510987986
1.596968234430583
1.5967278704722139
1.5964842177459941
1.5962436274214253
1.595998137053677
1.5957573216508254
1.5955131899112502
1.5952705388399675
1.5950261627624727
1.5947848905411832
1.5931790588129606
1.5915759974441475
1.5899900965785374
1.5883955063385624
1.5923743092494949
1.5917637006131122
1.591156472635288
1.5905347321251657
1.5899275761596625
1.5893188486138374
1.5887145082892702
1.58810777943454
1.587484727570645
1.58687971343288
1.5862748144960404
1.5856666518331086
1.5891151788110258
1.5926136490091156
1.5961307151226465
1.5996935084752666
1.5888399126594157
1.5782360556601325
1.589204845231238
1.587544152064642
1.5859027304551803
1.5842512846992372
1.5826046345280842
1.5809773189240826
1.5793392692061865
1.5777204324117382
1.5760915093520085
1.5744822183730616
1.5728623732546372
1.5855360155172582
1.5986245060721316
1.5844535343230526
1.5707171704282175
1.5850853105023353
1.583665582236645
1.5822330098985626
1.580819439249801
1.5793930912504284
1.5779867057452406
1.5821880802115607
1.5864503005419137
1.5818404905242247
1.581178285645184
1.580516288261112
1.579854498688888
1.579191095989568
1.578516054186578
1.577852997189348
1.5794016159373343
1.5809602743611628
1.5825108761284825
1.5840840858917207
1.5786265430481974
1.5732348168654084
1.567904238067661
1.5777960267497821
1.5776891130771056
1.5775839214120626
1.5774769126342048
1.5773679815710973
1.5772645386692172
1.5771555127665366
1.5770519877072005
1.5769428662153322
1.5768373792146912
1.5767300415456167
1.5766244642036102
1.5765151393495445
1.5764113693318298
1.576301947799566
1.576196193855173
1.5760885809599308
1.5759827309926873
1.5758768428775318
1.5729050664302853
1.5699527062894603
1.5670159342408905
1.5722729974646126
1.5720364904758255
1.571797915888212
1.571559229457118
1.5713166002731769
1.571077676859006
1.5708386390978226
1.570599487413015
1.570360220798483
1.570120838662108
1.569881340882462
1.5696417282229018
1.5694020007692824
1.569148006565287
1.5689080276521903
1.5686718314723231
1.5684296113123384
1.5681892826956072
1.5679488423194121
1.567710190016532
1.5674695117171078
1.5672287242288676
1.5669897303225353
1.5667487075502797
1.5665061871824995
1.5662689301685337
1.5660255144107857
1.5657880404272948
1.5655443854405697
1.565304612522546
1.5650668093520501
1.5648227946937936
1.5645826825141484
1.564342463480986
1.5640980685172676
1.563859724304907
1.5636191578121985
1.5633784801587298
1.5631336088175876
1.5628926955515552
1.5626516704533588
1.56241053149634
1.562169278876628
1.5619279122022047
1.5616722067293205
1.5614305897326544
1.5611866935822596
1.5609448408593396
1.5607028755148797
1.5604649605523164
1.560220600628024
1.5599782867758112
1.5597358640803884
1.559491126342882
1.55925267982877
1.5590077097229358
1.558764821584186
1.5585238441255216
1.5582807211847916
1.5580395224917738
1.5577961695461995
1.557550471368039
1.5573089267626314
1.5570695103417322
1.5568234555709892
1.5553086309068678
1.5538127245246593
1.5523042734656693
1.5508104319596545
1.5493097485236418
1.547827463678709
1.546333023347
1.5540657845265196
1.5530817389546532
1.552096446238778
1.5511009019937096
1.55011763110504
1.55255220900175
1.5550011635557444
1.5574677426700594
1.5518645578508432
1.5463272991072807
1.5506712160931966
1.555083175277164
1.5508900347078536
1.5505853728977648
1.5502805975098763
1.5499757088230304
1.5496543908494211
1.5493537591911406
1.5490489597766974
1.5487435998964005
1.5484357182469468
1.5481301256559585
1.5478265856656988
1.5475207539927753
1.5472123812250425
1.54691093791003
1.5466023280609908
1.5462960404973325
1.5459918204325276
1.545685308767493
1.545380861259211
1.5450716372797564
1.545845238581116
1.546621377657906
1.5474156097762606
1.5481967328774557
1.5446201675330258
1.5410537160761395
1.543896339345486
1.5467490977483642
1.5438825330497483
1.5410260929429174
1.5436267159404566
1.5462438580924647
1.5428877531497935
1.5395614485786016
1.5362659800279876
1.5425577666529118
1.5422794913529223
1.54201017942205
1.5417455803762095
1.5414808692371644
1.5412160468088374
1.5409511103322873
1.5406860610815927
1.5404208990454913
1.540148120385132
1.539882723399777
1.5396172135528088
1.5393522263320705
1.5390838705641268
1.5388180470758095
1.5385570598338805
1.538288371476026
1.5380222012721134
1.537753260587888
1.5374868615716837
1.5372176650231366
1.5369560601258545
1.536686635511756
1.5364197797836914
1.53614105323165
1.5358739263444003
1.5356039790498648
1.5353389880477315
1.535068788372271
1.5348063014174256
1.534535870995166
1.534265304946402
1.5339997523876603
1.533734103200251
1.5334659347573179
1.5332000450929844
1.5329288839084414
1.532662769530699
1.5323965494064464
1.5321250190416076
1.5318585713547082
1.5315920139952046
1.5313225432153668
1.531051341963308
1.5307844797187946
1.530503284888527
1.5302361611922608
1.5299689267849232
1.5296987247596854
1.52943126188434
1.5291636886963578
1.5288931349442096
1.5286253322025245
1.528357421164837
1.528086502399927
1.527818366002018
1.5275471998391463
1.527278839743178
1.5270074228125083
1.5267442740964676
1.5264726395191506
1.5262038286339261
1.5259319410908727
1.525665427374418
1.5253962683551117
1.5251240238056623
1.5262259150191162
1.5259842675120572
1.5257425114556207
1.5255006470708514
1.5252586735004292
1.5250110615198627
1.5247658333168679
1.5245235319870383
1.5242811236552147
1.52403556807023
1.523792936266045
1.5235501977084023
1.5233042984726626
1.523061337923043
1.5228152036142804
1.522558351157448
1.5223119484098482
1.5220685166489907
1.521821870543929
1.5215782273927447
1.5213370891915283
1.5210932097744019
1.5208461085805876
1.520599316093266
1.5203609162831806
1.5201134936302285
1.5198659398871601
1.5196214405422916
1.519379465495145
1.5191315621094952
1.5188835277610293
1.51864125679912
1.5183961935145325
1.5181536902865385
1.5179051998879607
1.5176624944172992
1.5174137596634023
1.517170843867734
1.516921866890889
1.5166787375534954
1.516429521025743
1.5161861744229825
1.5159289101201363
1.5156793108428444
1.5154356087780507
1.5151918019908057
1.5149385392176171
1.5146945210190177
1.5144503956174056
1.5142000763997645
1.5139557340007217
1.513707926800553
1.5134633693096242
1.513218703604021
1.5129705875676702
1.5127256998204779
1.5124745404199975
1.512226029195971
1.5119808304111637
1.5117361734446417
1.5114873480469004
1.511241858724035
1.5109928020536256
1.5107471016586662
1.510497809473634
1.5102547350011097
1.5100086733532099
1.5097451341589965
1.5094988370954954
1.509248950487283
1.5089989360700062
1.5087523362082336
1.5085084672345799
1.5082581143987712
1.508007630487202
1.5077605942919756
1.507516309659648
1.5072654850850482
1.5070145306865053
1.5067699645086523
1.5065187687718657
1.5062775686997631
1.5060261716527747
1.505774649067186
1.5055295376562374
1.5052777784273852
1.50503246342485
1.5047804689947513
1.504534943828598
1.5042827192038368
1.5040369827284203
1.5037911463643803
1.503521411741017
1.5046359927039634
1.5057417167026808
1.506867795611438
1.5031673675045032
1.499484122562871
1.4958450649005157
1.504077791243465
1.5030758525997925
1.5020724473722566
1.501076651290751
1.5020279610706657
1.502962720617746
1.5039077972024537
1.5048654628249425
1.5058175883679388
1.506786523761794
1.5010462931393576
1.500991455519412
1.500946786880331
1.5008849911345532
1.5008300678778967
1.5007682519255452
1.500706423047597
1.4993609284143388
1.4980313290818559
1.4966906944926568
1.4988413776690919
1.4981427418055322
1.498692345176114
1.497999469456546
1.4985502558096329
1.4978490733791263
1.4984010170436877
1.497705670674832
1.4982585782669826
1.497562215016652
1.4981163449780297
1.4974115185232668
1.4956926908777621
1.497270108275817
1.4955480707762474
1.4954787510208714
1.4954009400588713
1.4953356239155262
1.4952577570004446
1.495192424525818
1.4951145011967446
1.4940780699421126
1.4949720978425791
1.493947250028197
1.4931959070105765
1.4938044847139587
1.4930477434643403
1.4936574843575063
1.492903629372813
1.4935145771121405
1.4927552615015287
1.4916369952384876
1.4926334810242772
1.4914881292882876
1.4909802002999777
1.4913481783892224
1.4908313427935416
1.4912047827071864
1.4906904455168746
1.491057093925972
1.4905460919336964
1.4894140451973203
1.4904064801350736
1.4892723146216418
1.4902591633989828
1.4891228527934346
1.4882925354320446
1.4889827503002457
1.4881431853423708
1.4888344400954094
1.4880015178752184
1.4871903183054913
1.4878612269431084
1.4870486602317148
1.4877130649100077
1.486908103024359
1.48757263034758
1.4867662319039763
1.4874276804448758
1.4854511927463627
1.487287825698463
1.485303692951278
1.4846997955128143
1.4851628881551802
1.4845534260863094
1.4850220264328986
1.4844115099995383
1.4848765941286857
1.4842649505618453
1.4832185918117287
1.4830335741193659
1.483077158961142
1.4828872427131983
1.4829391503470464
1.4827407949824387
1.482792933561965
1.482607133874223
1.4815014482180744
1.4824616615300608
1.4813621644681612
1.4823160735174445
1.4812145321752865
1.4821786965623767
1.4810751648808187
1.4798687822464944
1.4809294093428864
1.4797208327894493
1.4807920062205229
1.4795812493662845
1.4788158497332695
1.4794477355927846
1.4786765932224466
1.4784148311438328
1.478529565731547
1.4782759495662217
1.4783910082682947
1.4781370023240221
1.4773315935967113
1.4779903444066906
1.4771920275531785
1.4764543410492366
1.4770537415440805
1.4763147342426257
1.4758246631427214
1.4761761030673464
1.475685219165935
1.4760236984558517
1.4755407072478306
1.4758849687788653
1.4754011178607134
1.4757499660490845
1.4752564303087994
1.4756110349890914
1.4751167110678565
1.4754670809968455
1.473165216821192
1.4753297654560413
1.4730406106010498
1.4724202978008276
1.4728964857885458
1.4722841810214877
1.472757428747434
1.4721389488092873
1.472613125089288
1.4719935944317397
1.4724777768581472
1.4718754891839292
1.4723332904980961
1.471729950981354
1.4721978822403565
1.4715843017175625
1.4720531981606686
1.4714477231392618
1.471908408448686
1.469049857348644
1.471774984946904
1.4689110737640982
1.471641527694441
1.4687629206204482
1.4714986463466073
1.4686185775637934
1.4713650530848348
1.468479626082343
1.4677607209520174
1.4683341761248485
1.4676183392785032
1.466542521443507
1.4674733061037335
1.4664050993338207
1.4659118170461989
1.4662538771492777
1.4657694274634467
1.4661177307351558
1.4656456223905714
1.4659758842888992
1.4655030226998988
1.4658396006883423
1.4642645226465958
1.4656986596350055
1.4641263174976438
1.465563309646237
1.4639824904909353
1.4654221990536684
1.4638441734961694
1.4652867568047836
1.463700144735185
1.4623390339514684
1.4635587073411016
1.462194998242485
1.4634301878839326
1.462066739992168
1.4632943198591515
1.46192259870188
1.4631625273284334
1.461778338637879
1.4630206879823844
1.4616441373613758
1.4628787319626273
1.4614996828141562
1.4627468802929007
1.4613551129309506
1.4626047365436152
1.4588658895733762
1.4624647690654786
1.4587189331064239
1.4623350415311243
1.4585954401652643
1.4578516836998783
1.4584524338517788
1.4577178096103398
1.458313584336671
1.4575734032703163
1.4581803610071518
1.4574333150356504
1.458037021052424
1.4573124753698128
1.457904169759463
1.45716764317361
1.4577651766458648
1.4570333945371894
1.4576215099803447
1.45530058354476
1.4574900463378717
1.455154104109101
1.4573522863911248
1.4550118745576106
1.4537411915937382
1.4548793351595157
1.453606216474432
1.4547403551627847
1.4534539074107748
1.4546076862405761
1.4533189384380922
1.4544685649563125
1.4531773397910275
1.454329374306866
1.4530468984491922
1.4541965057103923
1.4529115574672136
1.4515945104425363
1.4514219659672842
1.4514539486676534
1.451287687968846
1.4513132730370246
1.4511468189262189
1.4511903843700564
1.451005837200666
1.4510496294484123
1.4508761410606454
1.4491431099855585
1.4507366865831754
1.449011884971905
1.4505971177781334
1.4488691210666746
1.4504574418833238
1.4487261770843982
1.4503293086682887
1.448594856032476
1.450189446331827
1.448451844054281
1.4500612454525688
1.447087881143955
1.449922392457914
1.4469551900540727
1.4497834761247228
1.4459665566355397
1.4496570836850284
1.4458329277847533
1.4495188578570586
1.4456803837519177
1.4456741044393313
1.4455502852786961
1.444514517663142
1.4454210742604559
1.4443963506265234
1.4452727184835215
1.4442581914143124
1.4451434451935776
1.4441270283012597
1.4434688706406413
1.4428731248300415
1.4433268678756723
1.4427423677815048
1.4422886043674183
1.4426053078905334
1.442150626253834
1.4419051196057882
1.4420204416299904
1.441767320941366
1.441882918492287
1.4416366296561116
1.4417525889099574
1.4414986956272817
1.4416149321062646
1.439995120729539
1.4414785468732734
1.4398629556217055
1.4398517070685293
1.4397248366374629
1.439713591163569
1.43958662061338
1.4386526114590543
1.4387036428714977
1.4385270873488096
1.4385653716887763
1.4383956569641319
1.4376849930664364
1.4376812499784326
1.437546359318561
1.437563334465667
1.437407613206307
1.4368561615690991
1.436423136927918
1.436743793212788
1.4363048962721658
1.4366052314347906
1.4361657577777982
1.436466567926517
1.4360393871748567
1.43495188794965
1.4359144056171633
1.4348251161795473
1.434755333894269
1.4346859822016946
1.4346161786484388
1.4345468146259943
1.4344902222294342
1.4337037055135209
1.4335091274047693
1.4335644031771246
1.43337508555246
1.4334385059593286
1.4332352393581116
1.4325124361710604
1.4320157352924334
1.432373062627164
1.4318810210715704
1.432247376204689
1.4313073997562
1.431325834406563
1.4311730747703533
1.4311859937306486
1.4310328114555393
1.4305087936885899
1.4303223292946288
1.4299126253861596
1.4301824262100644
1.4297901122307466
1.4300480017839932
1.4296634813202211
1.428842633988424
1.428916828369533
1.42870791767134
1.4287822581243448
1.4285670307433285
1.4278110200753047
1.4279010294545988
1.4276759002024906
1.4277748921252802
1.4275408356060804
1.427127672935979
1.4267073659778047
1.4269928177050581
1.4265718894205714
1.4268666849543172
1.4264448663899092
1.4259961498122897
1.4254948081016372
1.4258700249690737
1.425367913774668
1.4257349089063518
1.4252318740002357
1.424826471822636
1.424581004590837
1.4246999735702297
1.4244451761872745
1.4245643931099656
1.424309233380443
1.4244287156354105
1.4231255381026902
1.4232973744780542
1.4230047145697382
1.4231708938583
1.4228684138239376
1.4230500936408967
1.4220054864396268
1.4217410651125295
1.421869458086471
1.421604675864561
1.4217614438942454
1.4214681965546436
1.4216251710338346
1.421359555227845
1.4207506963071346
1.4201927847553817
1.4206145999341477
1.4200556993789148
1.419912654832869
1.4199191318718092
1.4193030754050975
1.419073223285261
1.4191824269921436
1.418942630721153
1.4187233125006766
1.4188056844398267
1.4185766826910604
1.418165388932473
1.4179845823259416
1.4180185321319447
1.4178538548697486
1.417897753515379
1.4177163113097062
1.4170590648922379
1.4168534314838612
1.416938237771149
1.4167323403766474
1.4168008212166168
1.4160641777569531
1.4166802745008593
1.4156392415577173
1.415593819419503
1.4155082266521202
1.4154458755329256
1.415370223095873
1.415324780490645
1.4152389923648443
1.4152032477572538
1.4142138997606928
1.4140654769800334
1.4134138784417831
1.4139349221175763
1.413282036441022
1.413809436824136
1.4131430110652003
1.4124207249763323
1.4123535446804256
1.4122995880873273
1.412221721139151
1.4121678352679554
1.4120900800963159
1.412046440657845
1.4114517788411511
1.4113027463195222
1.410845641338772
1.4111712602745992
1.4107132460400396
1.4110398425602106
1.410580907709007
1.4101747899556778
1.4099191632752892
1.4095333198324433
1.4093495437979624
1.409401163689811
1.4092282939921281
1.4092689756008334
1.4090956375439792
1.4091474277555995
1.4089629432498536
1.4082848031911575
1.4076559651173215
1.4081528089814235
1.4075343346496751
1.4080207210244584
1.4074309762634747
1.407888527856409
1.4068952777144548
1.4068141406997698
1.4067625101431096
1.406693234163924
1.4066415461220796
1.4065602234301544
1.4065085132302544
1.406427107532226
1.4063753823617327
1.4062938940853316
1.4047931156202313
1.4050194832455385
1.4046595121427838
1.4048866026384528
1.4040217927946408
1.4047540522262114
1.4038874897662927
1.4037926328460246
1.4032982145984236
1.4030780142817925
1.4031646569033898
1.4029443865919582
1.4030310819005407
1.4028294272662705
1.4028975288711607
1.401872488228121
1.4020887865483143
1.4017384290052435
1.4013703547824328
1.401241964434405
1.4012366463744665
1.4011079660768075
1.401109992874857
1.40099318699174
1.4002067831231124
1.3999806018782137
1.4001046764090286
1.3998464221387494
1.3999705348292955
1.3997314951989162
1.3993931285004826
1.399597038702965
1.399258446065934
1.3988966389162516
1.3986464616491694
1.3987621663283671
1.398532015404325
1.3977263501600714
1.3983978942705497
1.3975988303931817
1.39759436403164
1.3974635309880359
1.397157110582942
1.397349296813356
1.3970090317134876
1.3962191021019523
1.3968953796180292
1.3960834818947743
1.3967611380959966
1.3959550776280913
1.3966341680714538
1.3958397916616927
1.3965202585664804
1.394958391318562
1.3951095972104466
1.394809293532556
1.3949608493948227
1.3943783608121203
1.3948470869780418
1.394262979259662
1.3947200469092882
1.3933569168315452
1.3946065601255389
1.3932062151125728
1.3924016236889338
1.3930926374673374
1.3922728626239969
1.3929652942082476
1.3921444587835219
1.3928383108087463
1.392028913123153
1.3927023597025798
1.3916081259762183
1.39156199830007
1.391479785141394
1.390805774328904
1.3913661311448728
1.3906541208878043
1.3912503820619413
1.390539461540329
1.3911226708365976
1.3896689273855607
1.3909958072660449
1.3895392632317125
1.3908820451391903
1.3890032810426114
1.3893884281666726
1.3888886930049071
1.3887339630502193
1.388759934546864
1.3886199836409525
1.388631162719176
1.3884908907856603
1.3885023591010761
1.3876462810255075
1.3871927571525675
1.3872191630025281
1.3870635500143602
1.3871048933882115
1.3869342562322857
1.3869758356832247
1.3868203528758398
1.3868466920023992
1.3867138799470706
1.3852530452749199
1.38658605913035
1.385122513688073
1.386458131485008
1.3850034378640517
1.3840943181276675
1.3848748132030533
1.3839640065896854
1.3843693484078061
1.3841725353969032
1.384056754631397
1.3835440376614803
1.3839276490857726
1.3834136589144537
1.3830797881044838
1.3832839259990939
1.3829499291610388
1.3831541681059203
1.3825337486132476
1.3830499436991537
1.3824129103864538
1.3829317037718971
1.382281828038277
1.3828019551489663
1.3812203877113027
1.3811126504631313
1.3811152911263584
1.380982518970855
1.3809849306963289
1.380835917025107
1.3804327297124108
1.3807316708726387
1.3803020653014932
1.3792807030006795
1.3801972787949184
1.3791745154227941
1.380052097248826
1.379042955700118
1.3791085406461754
1.3788957849426549
1.3789773290755494
1.3780746579630079
1.3777366671614404
1.3779435907867157
1.3779400322963005
1.3778129391152458
1.3778090034185309
1.3776912826276368
1.377688272448458
1.3775595627513406
1.3766585670605567
1.3774552778607383
1.3765099287197515
1.3765024844916263
1.3764053950900825
1.376365633712254
1.3753115792642656
1.3750184857744765
1.3752075115285256
1.3748856310487592
1.375076667819511
1.3747803993373036
1.3749545757899653
1.3746315403976246
1.3741745135590762
1.373827592967352
1.3740255664787335
1.3736778743342595
1.3733169410292212
1.37327216653803
1.373212642510988
1.3731504039124767
1.3730623201201764
1.3727621189866754
1.3729585222643528
1.3726284933462027
1.3728375972907112
1.3725066330587303
1.371895783211694
1.3714591168879355
1.3717916753247406
1.3713541165854064
1.3716414114012085
1.3712027571675893
1.370977944887832
1.3702090633481467
1.370827000896561
1.3700988471725346
1.3694998453694605
1.3699651075911308
1.3693773312572124
1.3698430775894437
1.369243550653196
1.3697388025570518
1.369119743455499
1.3695875140173799
1.369026846973211
1.3694653730394866
1.3683682636334025
1.3672568562190084
1.3680127932969874
1.3671340995011851
1.3678600278538038
1.3669991472268568
1.3677573651291661
1.366874793400204
1.36763511763564
1.3667511612032484
1.3664266645467378
1.3666469357315756
1.366303388158441
1.365573339420669
1.3661998962214597
1.3654492507443037
1.365336487951502
1.3653459358387867
1.365213027511015
1.3647325391830147
1.3650904450430268
1.3646092167292276
1.3649681955615076
1.3644861917086932
1.3648336619579182
1.363607266596016
1.3636606304371452
1.363502391523969
1.363537451771496
1.3630765089352121
1.3634334848665937
1.3629721206606555
1.3625320434187635
1.3622604510466938
1.3624286837184265
1.3621481025101931
1.3617565874401423
1.361990812070532
1.361632597391694
1.361866896531124
1.3615085951345591
1.3617652618322895
1.3613955949301746
1.3605900607245054
1.361272409245266
1.360465105238557
1.3611680407082154
1.3603400816118105
1.3590839876947063
1.3599461776915067
1.358958871511798
1.3598228782219235
1.358833639916873
1.3596994627699774
1.3587082865982436
1.3595759266408667
1.3585828121170118
1.3594522624264558
1.3584572233749412
1.3579642283010454
1.358333037700178
1.3578390106408351
1.3582085939029722
1.3574901927885135
1.3580842911991935
1.3573642283778693
1.3565512266322761
1.3572395286355579
1.3564600114207106
1.357114761035834
1.3563340443350793
1.3556739768359891
1.356209383021596
1.3555478174247453
1.3560847821482271
1.3554217202341947
1.3542540191911308
1.355297386720836
1.354127321188783
1.3551732377844294
1.3540008321870118
1.354228514551888
1.3540577327444248
1.3541136512795378
1.353910649653863
1.353987862060911
1.353795224558808
1.3538624686142766
1.3533392612681148
1.353772681703965
1.3520351397772434
1.351461961909961
1.3519095324496377
1.353498165895592
1.352656631922681
1.3524649890289195
1.352530646589671
1.3523381080315078
1.3524165743013787
1.3522231777369151
1.3523049177117272
1.350603745656255
1.3521784845913973
1.3504746329289725
1.35205305927319
1.350346708329624
1.3506522906165177
1.3497907017647777
1.350526962192805
1.3496393264405713
1.3495546886986722
1.3495126104762487
1.3494664414444848
1.3494237214637037
1.3479628895015696
1.349299137448317
1.3478447098491575
1.349147497082963
1.3470014104847183
1.3490616646717362
1.3468740543256486
1.3468771117781562
1.3467596488925342
1.3467486614341677
1.346631691872569
1.3471151976018876
1.3470146808699726
1.347025769577461
1.346901184801835
1.3468738149388726
1.346772337432577
1.346785637639413
1.3466838649411028
1.3466336182688472
1.3465311427043294
1.3457298782866256
1.3464444957240604
1.345574518323531
1.3423786065788132
1.3454900962210758
1.3422460485889318
1.34465264214473
1.3421331429361585
1.3445026119840284
1.3439395251020736
1.3443803413594604
1.3438206640109995
1.3431713040836333
1.3437028110500275
1.3430493746552687
1.3435848893713904
1.3429302633030855
1.3434640174663866
1.342811104890801
1.343345955626969
1.342688925250437
1.343236048356706
1.3425696371070637
1.3415683868356907
1.3412045857327453
1.3414544941116733
1.3410870571638553
1.3413329312952724
1.3409648332282997
1.3412159107585697
1.3408472017398434
1.3410941880378204
1.3407248058584535
1.3409770485998402
1.3406070337483837
1.3393842309447863
1.3404906613908272
1.3392624992065312
1.3388878143082374
1.3391404241152405
1.338769872650039
1.3390230977293167
1.3386518842760737
1.3389073208940734
1.3385306798105172
1.3387898345379354
1.3384125841677719
1.3386691414707
1.338291209669078
1.3372738928321164
1.3381758757369506
1.3371518357636054
1.3367787942315945
1.3370359046962592
1.3366622093299465
1.336925492938779
1.336540589701042
1.336809371886376
1.336423877123095
1.3366931988005684
1.3351928342066086
1.336573011384492
1.335071601302003
1.33500596563601
1.3349550538736001
1.3348893899369636
1.3348384444303472
1.3347727602195962
1.334718417828955
1.3346526419272828
1.3346016901016629
1.3345410085452039
1.3344814891770878
1.3344208079280264
1.3331999410612374
1.3343016496860811
1.3330784518019227
1.3327334993096949
1.3329635278332828
1.332618036391345
1.3328434574361991
1.3324971549541427
1.3327284721603008
1.3323815739827272
1.3326080966028533
1.332260688933757
1.332492982590041
1.3321450005802715
1.330958451985524
1.3320306366169272
1.330841854169637
1.3304778179954626
1.3307265899491885
1.3303619349067088
1.3306076549989299
1.3302460120416773
1.330492267904459
1.3301263435472719
1.3303731882008147
1.330006609609542
1.3302576907832666
1.3298905109393895
1.3301384427712173
1.3297762167763154
1.3300248830670114
1.3296562680039703
1.3299092098818128
1.329539980699331
1.3297897964428405
1.3273660809574017
1.327494450494386
1.3272460710059346
1.327380490372706
1.3271317399405502
1.3272664869918835
1.3270173525583013
1.327142833268415
1.326897171921156
1.327028739503243
1.3267787585077881
1.3269145852486943
1.3266642108948008
1.3267965533175636
1.3265496050883532
1.3266822631292214
1.3264310489852669
1.3245680403878424
1.3263182850783224
1.324451723392628
1.324067574862776
1.324333499419172
1.323948680644433
1.3242151873487245
1.3238336870106795
1.3240967645940616
1.32371463864107
1.3239844569071648
1.3236015689503193
1.3238699041798987
1.3234823616133908
1.323751318648297
1.3233630671466046
1.3236387506492184
1.3232498522791478
1.3235200148324304
1.3231304276962674
1.3234032385768941
1.3230171007081504
1.3232842491169836
1.3228996060044993
1.323171515144959
1.3227798565772615
1.3204074385873454
1.322668997807826
1.3202879157775702
1.322553861944778
1.3201660689815418
1.3195995894447639
1.320049034914732
1.3194815557933233
1.3199363668703774
1.3193634461501873
1.319826185118643
1.319249699163764
1.3197090400171212
1.3191379652932376
1.3183068579742012
1.3190209383347467
1.3181882579860782
1.3180321850689065
1.3180703970796446
1.3179208604855583
1.3179592166231
1.3178026946883736
1.3178411996962802
1.3176844406179815
1.3169329866473949
1.3165956976605497
1.3168149958837176
1.3164839593092492
1.3167037886424304
1.3163677133736558
1.3165925111004193
1.3162489051041275
1.3164697237045495
1.3153673824976808
1.3151760340869563
1.3152488246053742
1.3150525958220718
1.3151373103552277
1.3149408190811611
1.3150209882602817
1.3148241605301187
1.3149046200791834
1.3147122718643525
1.313781405854078
1.3145964874916642
1.3136640157037096
1.3144806158652909
1.3135465379245135
1.3143646773427755
1.3128258879073589
1.3142613298734969
1.3127149240282099
1.3141459118224028
1.3125965896722431
1.3140304000793748
1.3124781545229491
