3.584365070018142
3.495051125893242
3.4109659517327193
3.3318360920938326
3.2571128788708354
3.1863157712486387
3.1196672384086157
3.056135348356568
2.995959254440727
2.9386390687440596
2.8841857808641653
2.8322145471523714
2.7825286516600483
2.7351278559729653
2.6897243489910063
2.646249663769286
2.6045373178732674
2.5645052086403592
2.526048925545454
2.489079210163105
2.453506275823712
2.4192370041754567
2.3862163977244997
2.3543154557936576
2.3235493881843343
2.2938590097449336
2.2651340322466873
2.2373440107033415
2.2104559479519974
2.184412812945261
2.1591602807499544
2.1346880926467042
2.1109630483568567
2.087910764967876
2.065523524356243
2.043802246122899
2.022652268413615
2.002114561364014
1.982133284545375
1.962672440651764
1.9437240457019114
1.9252737987215682
1.9072804780942376
1.8897357228644345
1.8726306175734482
1.855955319369977
1.8396578935523813
1.8237657696176655
1.808218198546596
1.7930712645779947
1.7782429159055362
1.7637564584966008
1.7495828791712096
1.735715816441252
1.7221614041437756
1.7088792396512595
1.6958792586063387
1.6831569908256756
1.6706938650497996
1.6584813015607796
1.646525473210357
1.6347897533488749
1.6232942507217512
1.6120201468257989
1.6009438425498468
1.5901002568902316
1.5794537972026919
1.5690054669575488
1.5587392118989674
1.5486515046750915
1.5387512670901222
1.529027017378396
1.5194792814962037
1.5100983362224085
1.5008511790687808
1.4917886963006621
1.4828858627158936
1.4741215745602334
1.465483188747938
1.4570044089446061
1.4486649800773752
1.440435484857798
1.4323687487246697
1.4244085982713315
1.4165611399118512
1.4088615271997131
1.4012547990657793
1.3937627898904372
1.3864206138526312
1.3791558192580589
1.3718988157443062
1.364926458693773
1.3580089504936774
1.35116282607901
1.3443745312194246
1.3377419148189413
1.3311607091554283
1.3246502105746831
1.3182630756371252
1.3120305854316325
