1.7855997881422905
1.7670670991842217
1.749042963359427
1.7315121581255921
1.7144671604200208
1.6978664598253155
1.681703817698911
1.6659683264605762
1.6506371465062921
1.6356867561457924
1.6211104976251702
1.6068805856024144
1.5930015447654466
1.5794422066603644
1.5662127903143812
1.553275846282971
1.5406454990058713
1.5283006932770369
1.5162120859030708
1.504401266922494
1.4928372967538959
1.4815281620498206
1.4704378180226267
1.4596034004813152
1.4489686846662226
1.438566672479261
1.4283713361985282
1.4183613959521975
1.4085571761161153
1.398942169782929
1.3895062799018643
1.3802683272981429
1.3710400357234152
1.36217267167881
1.3534588076910878
1.3448831809466142
1.3364604225013546
1.328181693798411
1.3200094480718496
1.3120191610250718
