3.58436308660888
3.495054429877509
3.4109697532428953
3.33183429481993
3.2571127716400694
3.1863398373976586
3.119667333474485
3.0561576731050835
2.9959798333256034
2.9386571110652016
2.8841976308656534
2.8322317593467368
2.782552563313483
2.7351431507000195
2.689738767060872
2.6462599993127385
2.604550477211873
2.5645157965441987
2.526060939893066
2.48908844273561
2.453515173058836
2.4192453127372815
2.3862240972382542
2.3543227942127487
2.3235605059474644
2.2938655413672575
2.2651391604248485
2.2373498835198666
2.2104599864124252
2.1844163154140004
2.159165563579693
2.1346952803518633
2.1109668196220386
2.0879174552134776
2.0655311934667138
2.0438065066062836
2.0226577077216157
2.002118719013511
1.9821367430945802
1.962675820558687
1.9437287511132655
1.9252764605778412
1.9072832517287401
1.8897391827514745
1.8726333714093237
1.8559573891996557
1.8396636481656816
1.8237678753914002
1.8082247759870516
1.7930723063744387
1.7782467209032582
1.7637577783396914
1.7495843308820558
1.7357183754595367
1.7221621446680246
1.708881974854501
1.695883494770122
1.6831599139849143
1.6706949133874822
1.6584855401139356
1.6465257602162588
1.6347904806251863
1.6232966636968467
1.6120189788219554
1.60094736650218
1.590100206893648
1.5794541873129253
1.5690037088394144
1.55873750948285
1.548652308452093
1.5387520602037599
1.5290303312362867
1.51947951645072
1.5100976473323309
1.5008551620967077
1.491788553238499
1.4828864110155422
1.4741242098130938
1.4654836682334742
1.457004930439522
1.4486667024341662
1.4404376551979898
1.4323675261795503
1.4244089732552652
1.416563002375867
1.4088612270344298
1.4012512946605273
1.3937631553571117
1.3864208681588233
1.3791576513987027
1.3718980356175017
1.3649263307595223
1.3580084621225412
1.351154564886392
1.3443672785033813
1.3377447351289793
1.3311684459046382
1.324672659050504
1.3182720407694242
1.3120264044966718
