-0.07843116874459775
-0.07844373601574751
-0.07843512149847766
-0.07851654916602731
-0.07942863370328823
-0.08031073714661846
-0.07928765401352654
-0.07918314173857549
-0.07916199731843403
-0.07905245101328955
-0.07902629389713842
-0.0789116839715374
-0.07892361693878557
-0.07880397956922328
-0.07876777337868224
-0.07866535225176469
-0.07864508557658631
-0.07853763962243616
-0.07851236767173285
-0.07842096178350332
-0.07839205825222238
-0.07829566129764548
-0.07826035698307265
-0.07815893875965998
-0.0781411961455749
-0.07803476047230076
-0.07801202605563255
-0.07791755207333155
-0.07787279026096731
-0.07779605798725531
-0.07774624430065434
-0.07766314839501358
-0.07763112991708787
-0.07752154674543425
-0.07750602967698887
-0.07741296012182504
-0.07737088774749505
-0.07727278725516772
-0.07724731251561132
-0.07714559120948332
-0.07711511336327853
-0.07703010023787622
-0.07697141878886814
-0.07688138462592851
-0.07686411378672185
-0.07676909841807301
-0.07674544773749592
-0.07664542039881503
-0.07659480248066658
-0.0765131344269486
-0.07649723241217463
-0.0763693353137633
-0.07637195945985428
-0.07626109391140196
-0.07623664554914918
-0.07612070839695904
-0.07611346166737293
-0.07599389828332007
-0.07598169242653005
-0.07587936415053861
-0.07583839725059459
-0.07573100981024632
-0.07570883135493292
-0.07561884647242319
-0.07561562784170192
-0.0754981742089903
-0.07546600953057084
-0.07536602689260372
-0.0753288255386718
-0.07524791414286518
-0.07520568307132854
-0.07511980302231284
-0.07509526047747163
-0.0749816361241416
-0.07495207249095272
-0.07485620211033293
-0.07484597904145521
-0.07474512151978405
-0.07472995727586544
-0.07459962150717638
-0.0745794558852195
-0.07446850079349722
-0.07444333851786944
-0.07432730683582202
-0.07434490709159246
-0.074242257521162
-0.07421188448853816
-0.07410417402069919
-0.07409356325931002
-0.0739808011111541
-0.07396524780549815
-0.07384740222030949
-0.07382687990776737
-0.07372737312551898
-0.07370188505958056
-0.07362237660972815
-0.073566857572956
-0.07348235359026145
-0.07344688591984293
-0.07335739359348173
-0.07331691163324272
-0.0732224009587774
-0.07320063779941476
-0.07310111587171136
-0.07305055367707859
-0.0729698206420563
-0.07293963530150423
-0.07285393853270956
-0.0727932521196754
-0.0727280790686389
-0.0726863494924263
-0.07261626239437503
-0.07254541009997607
-0.0724703460785632
-0.0724185329882875
-0.07233849735791477
-0.07230743572565924
-0.07222243713055929
-0.07218639219125195
-0.0720704662358851
-0.07205377523435155
-0.07195875936609977
-0.07191266139354437
-0.07186318817238845
-0.07181209571239203
-0.07173160315673734
-0.07167544890416506
-0.07158995331751537
-0.07155498640416492
-0.07146449793578323
-0.07142293473627341
-0.07135381648666732
-0.07128241406585695
-0.07120832147945699
-0.0711832050739775
-0.07107763041315868
-0.07104753517716197
-0.07096351648137258
-0.07092845056647425
-0.07083783227453626
-0.07079776635542362
-0.07070373991422885
-0.07065864642542904
-0.07058482290328048
-0.07053471004311876
-0.07048287246325967
-0.07042775242846809
-0.07034401054732271
-0.07028381191013121
-0.07019504412543932
-0.07018240937320497
-0.07008866764357632
-0.07007112944725041
-0.0699467515411671
-0.06992425010945454
-0.0698204266991488
-0.0697929681710283
-0.06971151925122625
-0.06967745768743097
-0.06966272111550247
-0.06955365153555955
-0.06953397251824514
-0.06941983812273868
-0.06942120651845918
-0.06930201854819847
-0.0692985034922296
-0.06974119244968088
-0.06971138382421889
-0.06964186378593873
-0.06961590339238191
-0.06958046668214823
-0.06947931399177536
-0.0694739538662361
-0.06946078572693468
-0.06938039186695126
-0.0693432175853794
-0.0693244742585236
-0.0692104878940289
-0.06921453365814725
-0.06909827666557526
-0.06910648957371206
-0.06907849713227451
-0.06898320037443265
-0.06895763207278548
-0.06895064395465585
-0.06882308058521334
-0.06882031953659284
-0.06880776081316456
-0.06870131677283946
-0.06868511931094602
-0.06867490547473956
-0.06856285148617645
-0.06856972958645835
-0.0684537164692008
-0.06843630928034633
-0.06840886669060607
-0.06831601094324892
-0.06829128030469457
-0.06828709096565168
-0.06818868898920326
-0.06817916748071111
-0.06814858112101124
-0.06804458149968433
-0.06805858593408515
-0.06799318533273768
-0.0679110137383515
-0.06789200539932912
-0.06780595265292957
-0.06776233701940522
-0.06776529726522139
-0.0676737073433602
-0.06764538863755098
-0.06762177522540752
-0.06752459733056297
-0.06754798470359838
-0.06749091744862297
-0.06738814337326247
-0.06737634258258351
-0.06734142012488976
-0.06726279437449631
-0.06724538118640738
-0.06713299401965861
-0.06714181692713722
-0.067097532158781
-0.06700946209398213
-0.06701096935773318
-0.06699104155381974
-0.06686730062814479
-0.0668650127545283
-0.06683763395174881
-0.06673839964380088
-0.06673052181705139
-0.06669746771194539
-0.06659259481523447
-0.0666077073420983
-0.06649888119997953
-0.06651043660529926
-0.06643927737941938
-0.06635352112634747
-0.06633067918298209
-0.0660872894260794
-0.0657454181306799
-0.06550229153365102
-0.0651676741022157
-0.0658789204947064
-0.0658393268802649
-0.06573197536729204
-0.06571600293402288
-0.06563422436213522
-0.06558345793214437
-0.06546495990539064
-0.06543793554064875
-0.06534514574004693
-0.06531259487088639
-0.06521429481443514
-0.06520580505303443
-0.0651241430712825
-0.06508993962195678
-0.06497118285132035
-0.06488861563876952
-0.06486858637153557
-0.06475067362911964
-0.06472323948901919
-0.0645997063263578
-0.06459865777849517
-0.06446952289079637
-0.0644630338917813
-0.06435846840772329
-0.06431629790279372
-0.06423836841010173
-0.06422099811885483
-0.06410535466626774
-0.06408249466177184
-0.06399367327837918
-0.06442306152784363
-0.06486584700992488
-0.06440110153634637
-0.0638573521379348
-0.06336956845508301
-0.06428015401206019
-0.0641811461647571
-0.06417492194938125
-0.06404001936043396
-0.06402873704745587
-0.06391937597550203
-0.06390305037196897
-0.06389419758398635
-0.0638000347890877
-0.06375319770232371
-0.06368689101514848
-0.06363492868395665
-0.06353040402433344
-0.06350643919889355
-0.06337383368356296
-0.06353660227760272
-0.06373531437488678
-0.06382629703091519
-0.06397804320607996
-0.0641428509513184
-0.06338767132297814
-0.06257026832736372
-0.06188915902691936
-0.06324945836013314
-0.06467664060392257
-0.06309243941245
-0.06154345885528591
-0.06318579780204468
-0.06309636795796232
-0.06296674176106698
-0.06283266871456869
-0.06272422832383029
-0.06260746132948493
-0.06248634597200962
-0.062358866536863546
-0.06222500235600073
-0.06215162174115968
-0.06203758615229133
-0.06260518805351825
-0.06246396478975341
-0.06242375861566995
-0.06234031312567913
-0.06219422190297115
-0.062101464806157226
-0.06207755834503445
-0.061973809394327416
-0.06222348025585569
-0.06218487287496641
-0.06208095463765399
-0.06203549990983212
-0.06194844548487374
-0.061832265159138686
-0.06181194386045993
-0.06169110917457978
-0.061697218269382875
-0.06155817330690388
-0.06146033346183915
-0.06179354837155626
-0.06177303844883796
-0.061677498346913516
-0.06167706974802121
-0.0616510093690348
-0.06151639982798509
-0.06151041185326734
-0.061405275896133114
-0.061405578436234655
-0.06139407578009858
-0.06128333586336653
-0.06128024906302623
-0.06126318397949575
-0.06114678780283157
-0.0611021362949318
-0.061149512576067704
-0.06102746204003982
-0.061001132716952795
-0.06098504855960634
-0.060891443822100724
-0.06089583539984222
-0.06087210807682598
-0.060738573215286945
-0.06073742357463278
-0.060708052915351134
-0.060605340411745895
-0.06063322418203096
-0.06059826106179079
-0.06048994610696483
-0.060475577368201625
-0.060363215182773884
-0.06035786046713987
-0.06037491710951351
-0.06021982715875223
-0.06020892476140604
-0.060220495860432294
-0.06013184767959625
-0.06011544315746242
-0.060049004394955446
-0.059954709225033535
-0.05993265507146509
-0.059933198618693055
-0.059833313159791485
-0.05980565718024268
-0.059800661150484026
-0.059695130292777836
-0.059661820492280096
-0.05965123163490812
-0.05961368551016422
-0.05979626699162072
-0.05990898277010197
-0.06015102708215822
-0.05967752403848973
-0.05966301205887074
-0.05954818304291158
-0.059505904349333866
-0.05956102158301528
-0.05951545995381174
-0.0593943149150607
-0.05942029115789511
-0.05939478941503792
-0.059268675717031316
-0.05929022235896015
-0.05923510596712322
-0.0592396603202858
-0.05914592860159924
-0.059122602886583914
-0.05912480372816617
-0.05902399164671298
-0.059035015258453505
-0.058968585801399465
-0.05900140958837385
-0.058857444364115406
-0.05886230490732908
-0.058851385254055456
-0.05885303969332415
-0.058741963032049926
-0.05870122155396516
-0.058723467715301514
-0.05864473572838742
-0.05856192013916701
-0.0585543640872834
-0.0585704674604415
-0.058485581937301176
-0.05847348168279082
-0.05844516199518481
-0.05835542761248878
-0.0583386911889922
-0.05832028786206199
-0.05832565326616317
-0.05822974003811675
-0.05820669597524641
-0.05820744990572189
-0.058106640335005524
-0.05807891095460113
-0.05804948012600483
-0.05804392635166571
-0.057975098794457884
-0.05794097852009035
-0.05790513538814123
-0.05781868253379582
-0.057779766070740556
-0.05777770781799228
-0.0577610982336792
-0.0576836439506882
-0.05767701494838998
-0.05762992381163882
-0.057532207623584845
-0.057520911754111496
-0.057510297835957465
-0.057521553648567376
-0.057391629451537314
-0.05741551815847707
-0.05735704299051649
-0.05728722350868895
-0.057267293911804754
-0.05724330790772583
-0.05721998623511734
-0.057143988592556504
-0.05715722682706434
-0.05708723229473967
-0.05704837323041063
-0.05701496088654362
-0.056982199254499565
-0.05694531768971973
-0.05690044450316062
-0.05686053081761499
-0.0568212592293993
-0.05677159359435776
-0.056726865848433894
-0.05672300608550805
-0.05671748979470236
-0.056619033570014424
-0.05661054572264332
-0.0565599202141457
-0.05647342736841512
-0.05644314274951892
-0.05642824519993478
-0.0564116586169683
-0.05634488597719376
-0.05632531533609615
-0.05634493346145902
-0.05620389108147932
-0.05620565348007366
-0.0561796451964189
-0.05615191272170092
-0.056073999749626874
-0.056043211854247994
-0.05605201907945175
-0.05594296475666054
-0.05593362621035786
-0.0558963184869069
-0.05589883569073971
-0.055783332170470316
-0.05581171364419277
-0.05576786961701076
-0.05568911391688438
-0.05566854888764212
-0.05566177864107077
-0.05561130867515468
-0.055528769395052024
-0.05554381054241275
-0.0554884527421369
-0.0553984682234294
-0.050797891238577024
-0.05123386561084184
-0.051671082658141805
-0.05202562601953486
-0.05248412790276742
-0.052913077615657174
-0.053267707062517135
-0.053691293912108674
-0.05414295685871176
-0.05456497126206232
-0.05439309315227422
-0.05429880070514924
-0.05422895294491659
-0.055107353435502604
-0.05487418600833169
-0.05461559559401456
-0.05438550958684281
-0.054153465975871985
-0.05392359670519244
-0.05491971318125411
-0.05503084125629412
-0.05513549861735998
-0.05480486648433278
-0.05447836958170076
-0.054120597282513644
-0.054694634402564946
-0.05524860363280526
-0.05465332794220268
-0.053985945635770964
-0.05456559967983101
-0.05511342408339176
-0.05451773919814308
-0.05385458972718766
-0.0544260057857195
-0.05497479943566983
-0.054385109143648025
-0.05372113418727283
-0.05426536759602922
-0.054842065523194976
-0.05425270574137892
-0.05359645225498891
-0.0541524382434231
-0.05414250648968406
-0.054026414029930046
-0.05401036473734228
-0.05389637725653618
-0.053882586234535734
-0.05376642802854498
-0.053754942936572056
-0.05363686559667115
-0.05362773470526581
-0.05351187102901424
-0.05350078221119962
-0.053387176872087286
-0.053293769138318486
-0.05325869378132172
-0.05316769444999778
-0.05312643608365508
-0.053042301478573806
-0.05299902678946593
-0.05357175272444175
-0.05347531139456019
-0.05345323989018355
-0.05343401460800368
-0.05343669399778764
-0.053338735416997865
-0.053315178705379676
-0.053294243438243044
-0.05329972999866816
-0.053204477632788294
-0.053179203937100204
-0.053156815713161776
-0.05316517573073362
-0.05306396579533352
-0.053041468845217085
-0.05302189050351873
-0.05295258992910524
-0.052930252626120465
-0.052910605170582874
-0.05288510142416748
-0.052814450874230506
-0.05279044941716509
-0.05277370654443094
-0.05275108701228559
-0.05267885436688316
-0.052653452138057194
-0.05263535587731202
-0.052611099884836435
-0.052541876460284506
-0.05251942988410445
-0.05249974542000065
-0.05247847808622879
-0.05240797646231465
-0.052383929882838146
-0.052362918425905805
-0.052340064591294616
-0.05226828874978868
-0.05224729793051271
-0.05222471643155589
-0.052200539144267845
-0.052136342798689686
-0.05210937694078213
-0.05208992372242048
-0.052068881840830014
-0.05199880162809135
-0.051974974475580735
-0.05194954401931481
-0.05193169782625605
-0.05186015756295228
-0.051839536364396026
-0.05181731922190345
-0.05171735752516199
-0.05172077028314363
-0.051703423672574605
-0.0516751959550408
-0.051578473118114754
-0.05158527850877073
-0.051566484716640694
-0.05154155190387053
-0.051448152918974775
-0.05144905582194844
-0.0514290884873591
-0.05140752106968327
-0.05130809327962233
-0.05131706240723849
-0.051291085660718626
-0.05126809056488928
-0.05117206332177899
-0.05115107509856867
-0.05115258882107292
-0.05113333846137115
-0.051035889960314135
-0.051013513016074145
-0.051018631409788455
-0.050998018108706356
-0.05089942742039726
-0.05087594204419072
-0.05088474097538874
-0.050781331977973604
-0.05076306328980321
-0.0507382189171734
-0.05074606415562947
-0.05065095051225872
-0.05062665509548289
-0.0506054689542476
-0.05061211751986862
-0.050506178265190035
-0.05049032868664116
-0.050468115025490465
-0.05081101895632783
-0.051049054132165005
-0.051396292997058675
-0.05068204842634226
-0.05000331887876522
-0.05067747632572789
-0.05127280347222504
-0.05055780749520438
-0.04987825709513844
-0.04918138308442277
-0.05053899287800503
-0.05052230573026412
-0.050422666550694904
-0.05039810886307407
-0.050406532032340565
-0.050388898828503344
-0.05028331724666741
-0.05026291215412626
-0.05027047941788981
-0.05025218859250022
-0.05015068086469177
-0.05013451978142922
-0.05013635094632988
-0.050117149120545906
-0.05001980001626514
-0.049997825143440935
-0.0499742858299135
-0.049984211278864744
-0.049885871451948435
-0.04986327799906941
-0.04984408786400772
-0.04985325453241115
-0.04975422621291836
-0.0497307592523323
-0.04970571925138752
-0.04971942742459403
-0.049619445427309075
-0.04959540163078199
-0.04957481582695703
-0.04958279631747869
-0.04948720972354712
-0.04946233270705493
-0.04944122443872509
-0.0494182615411619
-0.04935232113969349
-0.0493320027184803
-0.04931011476585904
-0.04928665190049111
-0.049214852142619635
-0.04919917721344502
-0.04917652681769661
-0.04915258394727837
-0.049080025167754365
-0.04906364363441858
-0.049040536327295596
-0.049015846223460585
-0.0489534855944325
-0.048926053781516765
-0.04890770849415753
-0.04888229763743423
-0.04878399932099523
-0.048796646339490816
-0.04877241560327536
-0.04875212425285599
-0.04865306312965729
-0.048659936779460206
-0.04864058573342732
-0.048619657208533514
-0.04852014521875501
-0.04853207210603236
-0.04850681908698121
-0.04848527428172269
-0.0483906486884912
-0.04839678793441189
-0.048376536043064036
-0.04835470040363041
-0.04824842181816127
-0.04823476262023886
-0.04823919972256966
-0.048216792349886385
-0.0481154779381504
-0.04809592772532856
-0.04846159192154216
-0.048801116616333046
-0.048428071554650017
-0.04798269217483657
-0.04762119134255977
-0.04725596519730406
-0.04681479049862617
-0.04831528405980091
-0.04828588732315977
-0.04826596306990759
-0.04816754228759591
-0.04817483233519008
-0.048150303268677176
-0.04805235193464198
-0.04802480666059475
-0.04803749638752976
-0.04801213214272548
-0.04791366836733283
-0.047890805276146434
-0.0478973411011248
-0.04787700872740101
-0.04777220945488537
-0.047754731976813417
-0.04776063545239337
-0.04773986410391214
-0.04763426667843321
-0.04761607727011508
-0.04762167853018912
-0.04752254981272088
-0.047499746995190786
-0.047475243209919714
-0.047486214971414885
-0.047380728728239736
-0.04736320117056654
-0.04733831481307933
-0.047348779229087395
-0.04724857749702171
-0.04722473437015508
-0.04719918312485122
-0.04713139565321822
-0.04710862198962108
-0.04708445538714355
-0.04706432569790002
-0.046996073619200926
-0.0469730171865743
-0.04694825258798651
-0.04692787420169116
-0.04685338745692659
-0.04683587587004141
-0.04681085642560526
-0.04678994479198942
-0.04714659131210932
-0.047480111531493674
-0.04781522593687503
-0.0470232352576153
-0.046312485149746944
-0.046993824348128925
-0.047708912041453784
-0.04691964757906183
-0.04689564901229763
-0.04686344908573635
-0.04678859816381492
-0.046758244927629165
-0.046731785769435534
-0.046656929401280675
-0.04663238288482097
-0.04659956858572211
-0.04652441692272664
-0.04649351489266067
-0.04646657391491332
-0.04639147823297444
-0.046360190423841756
-0.046255376030386756
-0.04625788950112647
-0.04622657289229064
-0.04612139009158425
-0.046461678848642156
-0.04676980187425548
-0.046432226971164
-0.046096560447944836
-0.04572528677388087
-0.04633140546369165
-0.04698434798771903
-0.04630962199348532
-0.04571531945977293
-0.04619048136845161
-0.04685269231532832
-0.04619520690021383
-0.04558898926620703
-0.046175259530094576
-0.04673293217015704
-0.046129096008439285
-0.045452883943643954
-0.046044110315645044
-0.04602904352517706
-0.04601276548214555
-0.04598905960224836
-0.04589274440054122
-0.04587307137418196
-0.04589675503479122
-0.045874701280984406
-0.045858005670724365
-0.0457685236542896
-0.04574305278732939
-0.045729249641176
-0.045746148102000284
-0.0457299741093728
-0.04571257942778663
-0.04562281817257137
-0.04560325451394709
-0.04558245819756348
-0.04559918408720978
-0.0455823473328489
-0.045486573425369665
-0.04546755728168646
-0.045447646158070266
-0.04543290596799034
-0.045449160019373776
-0.04543203226356922
-0.045335660516746326
-0.04531634655684653
-0.04530259346656925
-0.0452872775061332
-0.045303448176171324
-0.045200993847069285
-0.04518915755821555
-0.04516925182966604
-0.045154965157522486
-0.04513292412698973
-0.04514870036390712
-0.04505255934191081
-0.04504023488398987
-0.04502703324884335
-0.04500568088706406
-0.04498307733306272
-0.04492700267491848
-0.044908859529497476
-0.04488982147200312
-0.04487616840905542
-0.044854295625399554
-0.0448381674881631
-0.044775246293994
-0.04475698427885691
-0.044737475679324984
-0.04472376073630192
-0.04470846132117031
-0.044607342189433595
-0.0446291545244083
-0.044610477097462534
-0.04459090141960788
-0.04457682862936379
-0.044554397552701304
-0.04449236243059786
-0.04447490495350887
-0.044456198110747996
-0.04444304757501459
-0.04442183866435269
-0.04432850855095584
-0.044344421133351984
-0.04432664022822287
-0.04430796309421962
-0.044294903703429915
-0.04427336059458205
-0.0441798168535017
-0.04419598261287995
-0.044178283271295346
-0.04416625662638688
-0.044146050326905314
-0.04404635789837065
-0.044030871127084
-0.04404000938257188
-0.04402941758744226
-0.044010229070870786
-0.043918694006573535
-0.04390465779825829
-0.043881978209815584
-0.04389845427319524
-0.04388071091426425
-0.043861704444150336
-0.04377011512995743
-0.04374887505881086
-0.043726359707183214
-0.04374287974877539
-0.043732485370685026
-0.04363472813761359
-0.04361498522567545
-0.04359360042751861
-0.043578471206386
-0.04360264815806836
-0.04349866341566611
-0.043480106286042465
-0.04346748888482213
-0.04344639425409598
-0.043464758664126996
-0.04344879642873669
-0.04335240772695478
-0.04333383371427028
-0.04332163903291855
-0.04330052213770552
-0.04353467717598338
-0.04374968773256788
-0.04343294092353616
-0.04320077290672642
-0.04296777370526274
-0.043390539817808806
-0.04386757447214608
-0.04339678809592398
-0.042809873461537286
-0.04327793952960873
-0.0432625906604835
-0.04325341215892339
-0.04322782099280474
-0.04324236585434677
-0.04315089149379456
-0.043137164713031986
-0.04311475081587937
-0.04309855333042119
-0.043081119793258696
-0.043025133599055375
-0.04300558498267611
-0.04299269013981218
-0.04297065346532006
-0.042955286132956426
-0.042930743335562925
-0.042875453507629044
-0.042856723300889715
-0.04284433746403546
-0.042823117478723076
-0.04280825677655853
-0.04271375791129962
-0.042730010463569626
-0.04271178635578448
-0.04269231197718977
-0.04267964953421034
-0.042657674804681495
-0.0425641468465312
-0.04257342534165924
-0.0425638716129382
-0.04254535115500081
-0.04252518536668255
-0.04242549212346909
-0.04241126930308276
-0.04242946211598356
-0.042412819813306975
-0.04239492615904945
-0.04238399918054338
-0.042284967835163965
-0.04226360504690422
-0.042283079897202945
-0.04225926049810849
-0.04225034585400712
-0.04215338392125047
-0.04213397622706769
-0.04211370197287993
-0.042134134074287906
-0.042119361308475566
-0.042103337288792814
-0.04200716961719744
-0.041988931314023085
-0.04196942927190381
-0.04218664523296908
-0.04232340888324665
-0.04251106815960248
-0.042652794272319106
-0.04207895755205579
-0.041486519830035144
-0.04205898499944987
-0.04263590557133697
-0.04204045500478253
-0.04206239524385742
-0.04214363887543741
-0.042146064840693845
-0.04214814953983244
-0.04214989302043113
-0.04215129382892971
-0.04215235155450635
-0.04215306549408113
-0.04215343463323323
-0.04175385493336312
-0.041403588956540914
-0.04178353233177489
-0.04211461525459406
-0.04244765252103971
-0.041737654170984524
-0.04164643966151636
-0.04163281015464117
-0.041618126925209546
-0.041602798380996356
-0.04158599757046458
-0.04161135068545588
-0.04160126989755845
-0.041494068669924056
-0.04148211294956176
-0.041469105207163744
-0.04145504172812545
-0.041448354957830676
-0.04146677942306718
-0.0414495972006661
-0.04135236142980177
-0.041341769964628794
-0.04132162383766714
-0.04130891344200979
-0.04129556308986314
-0.04128073201252735
-0.041220330586962284
-0.04120408928167488
-0.04118635491843771
-0.04117656382268612
-0.04116571928087432
-0.04114477210949201
-0.04113179762557866
-0.04107333090592915
-0.041058532270541036
-0.04104266325699429
-0.041034412683891
-0.04101640506783356
-0.04099731513762972
-0.04098587284167266
-0.04088602451276681
-0.040907002022298175
-0.040901863151301086
-0.040877671715906796
-0.040861179990448575
-0.040852853893679125
-0.04083421148984497
-0.04074509292915148
-0.040768297961148954
-0.04074672079218909
-0.04073336443683586
-0.04071893420607172
-0.04070342613358384
-0.04069576571348853
-0.04059937902757004
-0.040580883139053454
-0.0406049634018913
-0.04058435395883106
-0.04057164574778905
-0.04055786191610309
-0.04045492477064735
-0.04044870359996256
-0.040431926943711734
-0.04044892391915225
-0.0404395519347253
-0.04042911103796501
-0.04040804203857767
-0.04031633933652836
-0.040293325523409695
-0.040278802263413106
-0.04027236873808882
-0.040290782241618375
-0.04027306419800141
-0.04026346758309862
-0.040164410436485574
-0.04015290925761655
-0.04013106273509031
-0.04011738271908028
-0.04013789224333052
-0.04013185204016794
-0.04003551377186759
-0.040008457369730174
-0.03999942839959255
-0.03997950377554067
-0.03996830383745389
-0.039991028435657744
-0.03997772117841745
-0.039883811729699674
-0.03985868122668133
-0.03985179755010647
-0.03983436462217624
-0.039825316786307276
-0.03980568262657742
-0.03975034803497943
-0.03972882416920125
-0.03971573296444399
-0.039701547223179715
-0.039686262426217055
-0.03967033241013412
-0.03965283863082103
-0.0395902724258015
-0.0395809915929126
-0.039560501766587715
-0.03955870763254734
-0.039536002470519804
-0.03952233780851237
-0.039507571317537425
-0.039412259464313204
-0.03943078538469366
-0.039422798875826566
-0.03940393804894939
-0.03939376070397498
-0.03937267048259921
-0.03928101155175183
-0.03926779725963461
-0.039288912123631316
-0.03926366687349825
-0.039247179223433216
-0.03923996196140377
-0.039221254472007895
-0.03912211631275924
-0.039121832189165796
-0.039324928799462554
-0.039468599802008314
-0.039681257464442336
-0.03978898782242665
-0.040009798025126345
-0.039217998369986455
-0.039210926750683925
-0.039203545674111155
-0.03918483858574961
-0.03918595703499502
-0.03916564429590166
-0.03916521132482269
-0.03906414620445408
-0.03906231579279773
-0.039038917616865246
-0.03903551536397848
-0.03906679705420819
-0.039051670571884134
-0.039035255967721
-0.039028741648794996
-0.03902144176084399
-0.03901335334093532
-0.039004473841807566
-0.03899480117071496
-0.03889492430691184
-0.03889413425848723
-0.03888222875022236
-0.03886951890859803
-0.03889160370996579
-0.03887731221213231
-0.03886220830265757
-0.038856710715318536
-0.03885090969707387
-0.03883338300172563
-0.038825500166055266
-0.03873810740581844
-0.038718296883565775
-0.03871917571719913
-0.038697730503750465
-0.03868599607715527
-0.03868450539781871
-0.03870744532898877
-0.03869332907602175
-0.03868949638452561
-0.03866313152817214
-0.038657690059564764
-0.038651455182675515
-0.03856530462949922
-0.03854645959294333
-0.03853798253441342
-0.038528702087105286
-0.03851861455419276
-0.03828846968074909
-0.038083783456954484
-0.03782471332848455
-0.03826769699873498
-0.03871996842249581
-0.038236362270012
-0.038263704218534436
-0.03817325827066637
-0.038150938788870395
-0.03815000630338318
-0.03812566302208511
-0.03812276960970295
-0.03809638672695598
-0.03809151763309553
-0.038006518781219426
-0.03801313778169623
-0.038005599224941115
-0.03799707500291053
-0.03797593811585181
-0.03796541506833732
-0.03795389568133361
-0.03794137643828764
-0.037848648977618665
-0.03787038636964352
-0.03785515076491459
-0.037838902082131656
-0.03782163625029411
-0.03780334968039646
-0.03780714730629314
-0.03778684618090456
-0.03768626080023428
-0.037675488917389345
-0.03770051282734971
-0.037687796210359656
-0.03766265978093102
-0.037659848586691906
-0.03764409348171583
-0.0375483016259339
-0.037542753054056355
-0.037524191582693246
-0.037553126677952915
-0.037533104272234934
-0.03751152215158636
-0.037500999819982644
-0.03748946988843543
-0.03739735909934176
-0.037384052314510245
-0.03736972831207374
-0.03736605671019301
-0.037386462540848105
-0.037369147772926846
-0.03735080034909915
-0.03726331919290674
-0.0372431636570144
-0.03722196449771093
-0.03722386869707159
-0.0372006129348536
-0.03722512174750823
-0.037224103167677325
-0.037117673161415905
-0.03710245709158846
-0.037086745900120704
-0.03706946783463528
-0.0370636540030557
-0.0370568382952525
-0.03703647755834371
-0.03706488718592111
-0.03697494758810753
-0.03695178752626346
-0.036940192549298076
-0.03692757534276626
-0.0369139320606737
-0.03689925898507309
-0.03688355203230372
-0.036823873326560105
-0.03681861513697106
-0.03680012604278042
-0.036780588655801465
-0.03677226673335291
-0.03675064206421726
-0.03674026464412664
-0.0367294114336884
-0.036637564906783035
-0.03664876736439999
-0.03664752165864598
-0.03663231910833276
-0.03661607526663547
-0.03659933811091231
-0.03658100071385488
-0.03649497488038785
-0.0367045861899358
-0.03683611310245365
-0.037061354060053606
-0.037171708047114733
-0.036661649741852244
-0.036095834361254506
-0.0365779854692938
-0.03656537723349804
-0.03646818368838347
-0.03642186500084823
-0.03632750508601663
-0.03620372602422723
-0.03619278063037423
-0.03605884621215104
-0.036419408608037884
-0.03688001074368116
-0.03643958142069051
-0.03602754760267479
-0.03640669507507911
-0.03676262124507816
-0.03718374103920107
-0.036395962360822265
-0.035558019010418745
-0.03626172092783564
-0.03704445831235668
-0.0363499704224711
-0.035649582093722064
-0.036235660707593875
-0.03613834233907845
-0.03611395845593177
-0.03597880947808439
-0.03588794659634025
-0.036114416073521005
-0.03642932280390451
-0.036672254931757554
-0.03609164572775674
-0.036063553926571755
-0.03608551019146217
-0.0360824069971613
-0.036065027441887255
-0.035966709772863585
-0.03596079720767708
-0.03594052853903124
-0.03593255821462168
-0.03591017955127203
-0.035937714238568515
-0.03592671066217075
-0.03591525435446782
-0.03582228961925542
-0.035808433194609746
-0.03578000899043817
-0.03577816454086295
-0.03576116016085405
-0.035780925249787064
-0.03577607370544813
-0.03567582656748057
-0.03566917615622686
-0.03564722814666035
-0.03563850018105821
-0.03562873849637919
-0.03560359828906377
-0.03559173575165976
-0.035536566927663445
-0.03552235720730798
-0.03550768886823666
-0.0354919645467624
-0.03548907502067032
-0.03547125201821696
-0.03546630048064115
-0.035352172742781976
-0.035382755822846945
-0.03536100259334516
-0.03535220580292244
-0.03534297028620881
-0.03533209150502497
-0.035320165949815956
-0.03521317281163549
-0.03519938811689342
-0.03540332949800766
-0.03550608646446086
-0.035630765922064024
-0.03574845572772078
-0.035873749675971976
-0.0352667424972626
-0.03530189855590384
-0.035321992830087225
-0.035369214275312366
-0.03540287594618483
-0.03550145763857184
-0.035481676505553554
-0.03549952122038664
-0.035610730360297486
-0.035604712150319254
-0.03570011413018618
-0.03514013625152676
-0.03463102226892173
-0.03510228931784936
-0.035573376179593316
-0.0360188759730942
-0.03510329632881744
-0.03417202872819095
-0.03497790095050828
-0.03495711004055899
-0.03495032338433373
-0.034995925678761454
-0.03498784927047421
-0.03497910166444902
-0.03496967975213837
-0.03495958164742024
-0.03494880470735742
-0.03493734673726819
-0.03494071705795727
-0.034927913802733225
-0.03491442176773646
-0.03490023935339641
-0.034821258535637015
-0.0348058365926822
-0.03478971580524133
-0.034803622083146676
-0.03478614688956839
-0.03476796631147044
-0.03476482554222697
-0.0347603910451147
-0.03475592139186667
-0.034772856938843674
-0.03476705409728201
-0.03475994564140778
-0.034752795978617614
-0.03474433467553594
-0.03473582842076044
-0.03472600416901827
-0.034716132154109625
-0.03462589151090499
-0.03461413532430729
-0.03461774527280959
-0.03460526656871492
-0.03459145152183695
-0.034577577772182615
-0.03457851658844801
-0.03457879832788514
-0.03454666080366777
-0.03454557837594809
-0.034581876253458134
-0.03456386111610635
-0.034560786371285276
-0.034557040760320346
-0.03455262278217052
-0.034531158027409005
-0.034509612589488696
-0.03442350281244342
-0.03441645780247008
-0.03440872771200969
-0.034400310843094244
-0.03439120493698466
-0.034397958638201345
-0.03438749267660548
-0.03437633048627638
-0.03436446983932434
-0.034351907450471585
-0.03433864123111618
-0.03403395536719473
-0.033676230191095655
-0.034046662637851624
-0.034017705951784154
-0.03400337567301523
-0.03398746562878658
-0.033874053725626664
-0.03389365883999856
-0.03387350369191444
-0.033851744522397725
-0.0337654007819539
-0.03374087723802716
-0.03371473252149686
-0.033742933955262164
-0.033835992187261535
-0.03395749280007207
-0.03403998341272021
-0.033830552221887675
-0.033715827005813964
-0.03369688368896028
-0.03371474021418313
-0.033691660028608385
-0.0335873034049871
-0.03356174090993841
-0.03355120347646847
-0.03356101882091258
-0.03346658987405612
-0.03345132951845028
-0.03366393386550119
-0.0337838957982848
-0.03353733711150021
-0.03339810716906007
-0.033521091628565404
-0.0337468391034061
-0.03351004119659836
-0.03336406786565547
-0.03317150991521431
-0.03349494512646775
-0.03349633381081327
-0.03347534550675392
-0.033390222977633624
-0.03336666752909974
-0.03335893250373952
-0.033331694671896436
-0.03326232796142336
-0.03325069687617383
-0.03323760269348725
-0.033205541075465896
-0.03318947092928699
-0.03313062113855088
-0.0331121134011037
-0.033110458129095334
-0.03308899955919811
-0.033066038743186976
-0.03296162609163882
-0.03299330312095889
-0.03296636729732152
-0.032937905072193054
-0.03294438826408993
-0.032832717116774025
-0.032818789171802656
-0.03282384400413755
-0.032825076405763334
-0.0330735959964734
-0.033032637237283946
-0.033007115606433594
-0.032937771486696216
-0.03288803173577249
-0.0330144577045775
-0.03313403582724392
-0.033246733332634594
-0.03299541647743279
-0.032645486341607625
-0.03239524949909516
-0.032964985355212834
-0.03286646550061472
-0.032866017853881296
-0.0328431676876904
-0.03283721692922596
-0.03273062283500713
-0.03274075720537627
-0.03270979632322369
-0.032615950309653155
-0.032581097024811274
-0.032602786143688056
-0.03269336259125672
-0.03292724614604905
-0.03268851379473198
-0.03269888321260946
-0.03268820442397661
-0.032656366025651064
-0.032581449203336714
-0.03254663724753074
-0.03256894970721725
-0.03264755607283208
-0.03268375173184318
-0.0325526564439339
-0.03253401057629811
-0.03240951780489437
-0.03253096440697209
-0.032510773942717
-0.03248898279276288
-0.03252532061253282
-0.03252177656549848
-0.03251743020713221
-0.032512277125726706
-0.032486338002217834
-0.03239953709255086
-0.032392118372192094
-0.03238388221818483
-0.03237482641052381
-0.032364947200157666
-0.032354242550857976
-0.03234270852682381
-0.03236974679253547
-0.03235659985944481
-0.032342615145719227
-0.03232778807561193
-0.032231981514643876
-0.03223532284617725
-0.03221818526839049
-0.03220019276027888
-0.032181341971849985
-0.0321814283639956
-0.03218147795189966
-0.032160106302196546
-0.03215775680048195
-0.03217441707129848
-0.03215051378087837
-0.03208623322677119
-0.03206083776723835
-0.03205461996357855
-0.03204835111744143
-0.03204048820594831
-0.03201163236059206
-0.032023048387687644
-0.03199246332926822
-0.032002277067025305
-0.031969948789793354
-0.031937619284373685
-0.03190378694444429
-0.031889444498746373
-0.03189547295718765
-0.03190071029686626
-0.03186336537617561
-0.03186695664741317
-0.031848392214242655
-0.03182974237164799
-0.03180943640738102
-0.031809728132663424
-0.03172973685581434
-0.03170707438430642
-0.03174431489199473
-0.031741590731760985
-0.03171718664654638
-0.03169109564634267
-0.031685836627758215
-0.031679748974778967
-0.03167282873573208
-0.03166507412239456
-0.03155484014311533
-0.03154558065420525
-0.03153547742135756
-0.03154571538601313
-0.03157346848834462
-0.03156090979089133
-0.03154749421463572
-0.03153321938003183
-0.03151808078521125
-0.031523478849184154
-0.031426599029790656
-0.03140909840828784
-0.031390721776218995
-0.031393020916152155
-0.03137292081305571
-0.031351933001975564
-0.031414039704932915
-0.03139141082274371
-0.031367884541910064
-0.031365233562785255
-0.03133994254885601
-0.03125548977005521
-0.03125134227293637
-0.03124553887684693
-0.03121693045614633
-0.03123222888944947
-0.031201858375926827
-0.031192638774242585
-0.031183389291195046
-0.03121270591194481
-0.031211294811438296
-0.03131018626263546
-0.03144486989676909
-0.031165486439066057
-0.03117500235067803
-0.03113800560600916
-0.031162395552082858
-0.031088546757282978
-0.03104850191446816
-0.031053117853256665
-0.031033317124235356
-0.03101323241483361
-0.031014659671635084
-0.030991533173096247
-0.030950737324352162
-0.030925775329963257
-0.03090051200593131
-0.030984059049195503
-0.031128392841850816
-0.030987496839623086
-0.030877103656177265
-0.030780159929551798
-0.030964599526182777
-0.03111284765659122
-0.030891776457584882
-0.03088773577029235
-0.030858613571297815
-0.030852339455032816
-0.0308217330582783
-0.03081320742231145
-0.030699967345675223
-0.03072908201310253
-0.03074098542543892
-0.030728397428544666
-0.030714681211199735
-0.030699832849367656
-0.030683847045691742
-0.030683773272340426
-0.03082307386335628
-0.030716146857239335
-0.030557853831294415
-0.03068863198870965
-0.030775499347601525
-0.03065453809782037
-0.03066437949986467
-0.030673978407993897
-0.03065944931956471
-0.03066853646138736
-0.030531524746676916
-0.030518480043192613
-0.03052975286463624
-0.030515466039415913
-0.030476365310891235
-0.030485829328154117
-0.030509429978265532
-0.030517731894922323
-0.030500261605884423
-0.030507370080568016
-0.030488625683319847
-0.030494531972196568
-0.030475385142427886
-0.030454689428135676
-0.03045876225199769
-0.030436767422921614
-0.030439616928969494
-0.030416313426505106
-0.03041793162432554
-0.030418948020984393
-0.030314175102790587
-0.030314068105800174
-0.030338219182708046
-0.03031113890093727
-0.030301410277467068
-0.030165860534348506
-0.03008948947087457
-0.030047457403156314
-0.029959834428459692
-0.02990589901962912
-0.030134067551892765
-0.030154146319537993
-0.03017388107543876
-0.03024793808300899
-0.030120943591325503
-0.02999991032025055
-0.030117401802678908
-0.030244459722833263
-0.030022790989811896
-0.029915993408199105
-0.030001883916787132
-0.030018094846378792
-0.03008849594969858
-0.029985291857049453
-0.029957879167750515
-0.029965646386950383
-0.029971871736173602
-0.030084401852549618
-0.029966741002717557
-0.0298556587871894
-0.029912372549468443
-0.029929554335726794
-0.02997288043974673
-0.030068426544548287
-0.02986457996791784
-0.02975113340727261
-0.029822411888122083
-0.029807500285475463
-0.02979188128428534
-0.029802090490670216
-0.02978509580630498
-0.029767383935510042
-0.029775625178961547
-0.02975652270941234
-0.029763451506599262
-0.029742946096111753
-0.02966938205970981
-0.0296476102442535
-0.029652039543459845
-0.02966877363699509
-0.02967190139638489
-0.029647308685475004
-0.02964908734895004
-0.029623047156445814
-0.029651616217004812
-0.02962417325091865
-0.02962326780025533
-0.029594354097978916
-0.029592069244115126
-0.029589109859902773
-0.029557997138509158
-0.02958212201214142
-0.029497847850754624
-0.029464713589040268
-0.02945846694088617
-0.02945153254278417
-0.029444870828387953
-0.029436557099495712
-0.029467789288917707
-0.029459086151419452
-0.029448722078828923
-0.029437655184390094
-0.029425881493378634
-0.029442450716175766
-0.02940117880009941
-0.029387274794288994
-0.029401856202401582
-0.029386567534537236
-0.029320478824845782
-0.02930394916728813
-0.02925826500142456
-0.02926968153358424
-0.029250962215340678
-0.029261054672369034
-0.029240914739464094
-0.029249674251917594
-0.029158195224972868
-0.029100477123185822
-0.029026976790318994
-0.028987932760430535
-0.028874573504134044
-0.029123566614255345
-0.029118464293875913
-0.029081621199128216
-0.029114217791799627
-0.029024320514576495
-0.02898288951103301
-0.028970028826230666
-0.028955491612003944
-0.028908764519378675
-0.028852260577864854
-0.028862877184532402
-0.028968142781663993
-0.028951317434558463
-0.028932315084867967
-0.028911126684155984
-0.02884934331723272
-0.028824565986720205
-0.028796562960797384
-0.02868788886364798
-0.028887170456208065
-0.02902762986927824
-0.029097996369056137
-0.02883522404409929
-0.02857571932526108
-0.02822852239782676
-0.02901341248929084
-0.02886946291291075
-0.02865067012089622
-0.02850483574238389
-0.028405767622515336
-0.02829244781738793
-0.028800478009344425
-0.02875440566047597
-0.028704113933692238
-0.02864281082722346
-0.02870403779926405
-0.02872631097868113
-0.02874720832000314
-0.028806344258679357
-0.02866373236812767
-0.028593835050740254
-0.02861100872823967
-0.02858638128548512
-0.028560274146214495
-0.02856401299461484
-0.028455795080855818
-0.0285864681886117
-0.02856362674845379
-0.02854151983999967
-0.028465422404648444
-0.028436732891190537
-0.028559670882307212
-0.028435190577363188
-0.028423945182962897
-0.02841325527070314
-0.02852021813370853
-0.028648349065746783
-0.02867069185112551
-0.028406424054906582
-0.028394715572337168
-0.028384505068336494
-0.02828375523885354
-0.02825831639700305
-0.028270562000555038
-0.02828728403306787
-0.02834890157963353
-0.028364392789647117
-0.028378553368816253
-0.028245365437829434
-0.02825866672654537
-0.028253113150964394
-0.028356091171602475
-0.02822620166907715
-0.028117139577834103
-0.027995095105988042
-0.02819297886911831
-0.02819600949262806
-0.028206755293419632
-0.028215802039491745
-0.02808963277057048
-0.027983831999128957
-0.028071324347497848
-0.028069243067170426
-0.02806680771089238
-0.028064017138473042
-0.02809552769886371
-0.028092071120576455
-0.028058307913041067
-0.027981614895862723
-0.028001605198928733
-0.028051495752815393
-0.027989363133217964
-0.028000502775382557
-0.027923893584737635
-0.028033318698023016
-0.027987457689658705
-0.027931616650813243
-0.027912854430780547
-0.02785800047554967
-0.027871369330293185
-0.027847520262399294
-0.02774333610545143
-0.02784725175128985
-0.027977508319808022
-0.027839182343270912
-0.027721729439626967
-0.027842486762475846
-0.02794973737404013
-0.02783075434073254
-0.027740577251063485
-0.027731921684560606
-0.027716817704858624
-0.027699590351469974
-0.02771217270125248
-0.0277966168402311
-0.027724522076736657
-0.027686897940066083
-0.027566144241230103
-0.027708970379668303
-0.02766641620690988
-0.027659797159298206
-0.027688158110197366
-0.027643084267901637
-0.027634124585960748
-0.02766032537254282
-0.027612698201154907
-0.027522736744984826
-0.02754696583357635
-0.02753430894880203
-0.027483410885836692
-0.027546422797772866
-0.0275314129501052
-0.027515591953714284
-0.027497797757481825
-0.027480344446167673
-0.027498751060915344
-0.027479723048837914
-0.027459865300250297
-0.027397130945187153
-0.027337750133989126
-0.02735262118771161
-0.027329685906078753
-0.02734306930293859
-0.02734938090983441
-0.027434435601054172
-0.02733757273168032
-0.027358077850090055
-0.027280389023831463
-0.02731990893793197
-0.027321718374683515
-0.027322098430722787
-0.027323402681137858
-0.02736437507454561
-0.027403036204088852
-0.027403767417748658
-0.027403060692507177
-0.02740327875373336
-0.027162713073612725
-0.027164034778138786
-0.027164597088741905
-0.027126057205682688
-0.02712503324278503
-0.02712324238533687
-0.0270821191781428
-0.02712052828431181
-0.027111010017989812
-0.027141792614191876
-0.027104469281341567
-0.027145835825549317
-0.027025660170233338
-0.02710665443073093
-0.02706642911041628
-0.027006377263847782
-0.026979354272790485
-0.026980963826368266
-0.027101560163777124
-0.02697061950373348
-0.026980769024632627
-0.026990689649777817
-0.027000385093359527
-0.027089242091971662
-0.02696529085819837
-0.0268319763695571
-0.026729687917847206
-0.02661717398097122
-0.02649470786769053
-0.027052261075756038
-0.02692479349462315
-0.02678734044257641
-0.026722890913915397
-0.026564893254889324
-0.026893433402467387
-0.026782234593726025
-0.02665943691515866
-0.02652409515660188
-0.026420236488590803
-0.026346390044501122
-0.026642350490692277
-0.02676657453489936
-0.02680621276539104
-0.026890539534071875
-0.026735780898290283
-0.02651743316270275
-0.026722935710402313
-0.02673159977200143
-0.026739938391136316
-0.02674795033556018
-0.026623136913404698
-0.026641218528321284
-0.026616935953369735
-0.02659065323964043
-0.026606845049248318
-0.02658044133858421
-0.02659538014342734
-0.02656757426728499
-0.026581251952077622
-0.026552034899632714
-0.02656444340779427
-0.02657024787278067
-0.026587709846449384
-0.02643669350719423
-0.026444928483333317
-0.02632868783561251
-0.02656026357049887
-0.026393029355748183
-0.026428382668530353
-0.026294621786509
-0.026321907879343402
-0.02637942040742502
-0.026424574594148077
-0.026303581249198703
-0.026302956056437003
-0.026256216537596685
-0.02637965456804327
-0.026250195942024056
-0.026241382478758932
-0.026144220734895043
-0.026124039759851628
-0.026015499538762196
-0.026342235667440688
-0.02622789451638258
-0.026149723651997487
-0.02615015486571698
-0.026017686538215252
-0.02596244420942068
-0.025869142263059225
-0.025892345204823516
-0.025742540785657714
-0.026166377764551035
-0.026218500105114284
-0.02610316928087961
-0.02618331193133928
-0.026142427051638314
-0.026143042715779337
-0.026234649472808947
-0.026313108410546692
-0.026064144554733885
-0.025962913844939758
-0.025792931127788184
-0.02561269765447289
-0.025491102647474992
-0.025298682369873662
-0.02603866241470207
-0.026006616466689395
-0.02599341969090051
-0.02602579784205185
-0.02600884082307496
-0.025907431108711167
-0.025887238590748384
-0.025865083097943727
-0.026027047177377742
-0.026086906018370177
-0.02595240975921209
-0.02575860295525031
-0.02567418442823399
-0.025390503804261756
-0.025260678857936727
-0.025206367572850708
-0.025031878516767646
-0.02586276946975733
-0.02572999114236926
-0.025807812028061847
-0.025971408654175125
-0.025812999525754186
-0.02567971327353275
-0.02544546404538834
-0.025366176073127664
-0.025215265991245
-0.025013012792850616
-0.025736350537786626
-0.02577879200944911
-0.02577140097922596
-0.025763734765976477
-0.02575579118055462
-0.025747568934350328
-0.02578899625583508
-0.025780291223350474
-0.025771305830792228
-0.02576204097275677
-0.025752494312378808
-0.025631100003158533
-0.02539478536641275
-0.025215050418858617
-0.02565809997882003
-0.02563965007995137
-0.02554160215196659
-0.025470885026731515
-0.025448251282095453
-0.025475480230515622
-0.025491955414363686
-0.025465047896244066
-0.025358232344392724
-0.02538052522596555
-0.025349555794549505
-0.025483119037467878
-0.02557012169882426
-0.02557565730209101
-0.02574568868060956
-0.02546650188353754
-0.025456424014446803
-0.02544564696593858
-0.025432726834158405
-0.02542054973864694
-0.02545884475044415
-0.025314370222591642
-0.02535161716629198
-0.025336859010597675
-0.025268329720258564
-0.025303733563796563
-0.025286813232465948
-0.025267707888123984
-0.025249332414535936
-0.025282287475080836
-0.025262549237615523
-0.025240605965330273
-0.025219388815226323
-0.025249862300639917
-0.02522725943785852
-0.025244704492972815
-0.025220641455471485
-0.025248654598543446
-0.025144807416398345
-0.025117249706050955
-0.025143540743049416
-0.02511604407761115
-0.025141082079858487
-0.025112146636777802
-0.02513592413397205
-0.025050426842959314
-0.025072879262534906
-0.025094718649358607
-0.025062079670605864
-0.02508263825764432
-0.02510257865358479
-0.025012085354462345
-0.02503067087299776
-0.02499423851429425
-0.024934405613595178
-0.024992457381532617
-0.024954029854657684
-0.024969592905740672
-0.024984524904248507
-0.024887306217609866
-0.024900836487899494
-0.02491372954546347
-0.02487065642920069
-0.024882201710975698
-0.024940375333195538
-0.024885760458098344
-0.024979345420689983
-0.024981753009486907
-0.02482870368553499
-0.02490041879511832
-0.025006125725024263
-0.024790311590721387
-0.024763575685476158
-0.024807455294906997
-0.02488800369134364
-0.024853613056419838
-0.02496876047937099
-0.024721433944936946
-0.02474532321862651
-0.024772554155478452
-0.024837539540581374
-0.024901799728921353
-0.02474675567911332
-0.024483265139619244
-0.024385552442721652
-0.024120140629421614
-0.024705739134365797
-0.024670125854488942
-0.024660562889343457
-0.024669835626974158
-0.02467838745093795
-0.024627957134882635
-0.024557382657853087
-0.0245638814110704
-0.02456965024863328
-0.024515968736826363
-0.024520180142255595
-0.02452365365717431
-0.024526386239897516
-0.02452837472364957
-0.02452609772828595
-0.02446262275982263
-0.024519175503593588
-0.024516121070192673
-0.024511217515123362
-0.02458498514852343
-0.024499271248132806
-0.024452655093026833
-0.024485427305282866
-0.02443835866149163
-0.024512800448790503
-0.024318649809172
-0.024382166039334848
-0.024349522495938317
-0.024456820293845286
-0.024442451507415325
-0.024390043488059784
-0.024304969992306583
-0.024240708420250293
-0.02431367867821647
-0.024487376896533988
-0.024490615782249685
-0.024537848404319485
-0.024287394739606658
-0.024251801948625456
-0.024305880535840145
-0.024259392107031107
-0.02424731814385748
-0.02418118709136492
-0.02427717264733651
-0.024283768131928077
-0.024231577876901465
-0.024129304479421645
-0.024153257470878903
-0.024176260389943697
-0.02415712814071658
-0.02413602169424047
-0.024179642500861763
-0.02415970315264389
-0.02428086898621795
-0.02415301666763143
-0.02419617203867487
-0.02423913780282396
-0.024111659417676762
-0.024037862195757247
-0.024035292038657927
-0.02412724751491883
-0.024108028383971757
-0.02398388408738913
-0.023982174309191757
-0.024021839484984743
-0.023968675174561544
-0.02402100792017902
-0.02392765602588056
-0.023956881347635284
-0.024008848855101222
-0.023978201316078307
-0.023976466344868476
-0.023920191082538803
-0.02395016962817905
-0.023910673184918425
-0.023983527877874746
-0.02392148381257929
-0.024028478286920986
-0.023965884436140304
-0.024036893463024876
-0.024184434870532276
-0.02407849421011594
-0.02414826751392433
-0.023866067017782894
-0.02376891852932798
-0.023880813582218226
-0.023833087324811236
-0.023878533979320125
-0.023886712549070148
-0.023759899055735906
-0.023640219220836284
-0.02386510822823193
-0.024078545898754595
-0.02380750277356033
-0.023393446615460403
-0.023605027242696298
-0.023843623212358604
-0.02415588511460093
-0.0237467569789629
-0.023702498831377605
-0.023685228370652456
-0.02358896786024083
-0.023567859989308524
-0.023616233333915163
-0.02356342304544359
-0.023581572528423283
-0.023647052715988073
-0.02373408630209765
-0.02379565798141973
-0.02377900575405702
-0.023552928248411223
-0.023317062633877284
-0.023522423046199933
-0.02343944183911144
-0.023304838275358612
-0.023279204107286386
-0.02349616113995471
-0.02351794695504413
-0.023616899131439686
-0.023542742910382657
-0.02339437204108669
-0.023393156276344886
-0.0233893519109193
-0.023352046968243143
-0.023537667386316765
-0.023456310021081863
-0.023639094545694187
-0.023598060689226846
-0.023390292461380437
-0.02342310146260984
-0.02330578471146288
-0.023344231569161267
-0.023382481793006456
-0.02336597708561275
-0.023299023143177982
-0.02330537928356548
-0.023311199585996735
-0.02331647910918675
-0.023321218659827225
-0.02332541274226874
-0.023254300391186193
-0.023257292746975872
-0.023259736549218396
-0.023185745699125446
-0.023187197649752436
-0.023229395882787524
-0.023168295695948887
-0.023183620249163973
-0.023181703671593192
-0.023179224101591015
-0.023176176067705997
-0.02317256248572349
-0.023168376126436227
-0.02316361910068066
-0.023158288229050982
-0.023152378860510286
-0.023068789350779655
-0.023061580421884744
-0.023053786210723643
-0.02312483097529613
-0.023116009091888257
-0.023106596530974355
-0.023096590192578863
-0.022997590155019128
-0.02301661526021674
-0.02303906343553997
-0.023026727070114515
-0.022960613508380467
-0.02292642308898098
-0.02284540200417589
-0.023021054490061442
-0.02290837973092836
-0.022955375957246223
-0.023001603266446315
-0.02300875459691129
-0.022973818880761058
-0.02292913567799915
-0.02292207808919906
-0.022753875512193666
-0.022950597368947733
-0.022907892787518366
-0.02281274139853334
-0.022773636145696757
-0.022893574492955336
-0.022855856723115017
-0.022776576284478135
-0.02281896126306352
-0.022777306560986737
-0.022734959324639644
-0.022775998490088323
-0.022732499702391617
-0.022770683389996375
-0.022726008130338232
-0.022765284572470297
-0.0227194364289312
-0.02267286945752919
-0.022793771656995147
-0.02274626044340511
-0.022737531046855747
-0.022770518758598084
-0.022718778660578795
-0.022717853592111464
-0.022716195880898963
-0.022713809893361917
-0.022634227226521753
-0.02263056785598985
-0.02262617025830629
-0.022621029833398944
-0.022530043467927623
-0.022523248033094558
-0.02251569942942163
-0.022507394100023507
-0.022498327921665597
-0.022581324173750313
-0.022515373861206944
-0.02253712215921377
-0.02250997736669631
-0.022568059131282982
-0.02244981544776347
-0.02250173698389728
-0.02255340149539552
-0.022505733539208435
-0.02246684208749209
-0.02249771510176191
-0.022433521678274497
-0.02235339788809626
-0.022483880280781115
-0.022434620304392902
-0.022449048394130873
-0.0224630611072501
-0.022511077921344626
-0.02252506743751159
-0.02253863279888231
-0.02243409021369945
-0.022384724508067423
-0.022334501491066742
-0.02228342327891731
-0.02241336422679875
-0.022361137442652095
-0.022308037836991586
-0.02233546031427549
-0.022271354589860796
-0.022221311500047355
-0.022246033473702572
-0.02217863070868374
-0.02224876690871499
-0.022334909746136458
-0.02228064180570083
-0.02214176880054411
-0.02217689466968127
-0.022211768837582087
-0.022246385512201837
-0.022143945396870673
-0.02226855431518964
-0.02218475451895525
-0.02219515214895364
-0.022202918445110943
-0.022212305504115352
-0.022125567746809807
-0.02213165558530287
-0.022139388150481536
-0.02205028784132894
-0.022151139781512712
-0.022060721057536283
-0.02216081424151557
-0.02206906450429927
-0.0221437273908168
-0.02212053779725045
-0.022020959810226136
-0.0219960601717835
-0.02197016532111847
-0.021974148141450482
-0.021977861629485035
-0.022000576960429327
-0.021930534689531794
-0.02197532513511683
-0.02199767378071016
-0.021921136620347583
-0.02194301671208982
-0.02186470413274451
-0.02198280807611232
-0.021903093810121527
-0.02196472014710875
-0.02198138677922018
-0.021899180192215893
-0.02191673858791341
-0.021931477803531836
-0.02194784193901436
-0.021862323440287438
-0.02190080520132223
-0.021813957868229122
-0.02172592765559041
-0.021839077175195346
-0.021783120134349476
-0.021826768194582426
-0.021767576772009092
-0.021788068330837154
-0.021704837823376146
-0.021824883094786383
-0.021740124994936723
-0.02165415338343222
-0.02177283181262361
-0.021685300557962146
-0.02174184864966435
-0.02169596105997523
-0.021751802621115184
-0.021702637086800963
-0.021702042578866373
-0.02159707874146715
-0.02156087033000681
-0.0215568258999454
-0.02163720784474348
-0.02164714074192378
-0.021666901964465805
-0.021749665478413737
-0.021652081250495354
-0.0216275116680921
-0.021604582891226447
-0.021578679319887946
-0.021553290523469985
-0.021631133252625497
-0.021561546889064226
-0.021491386132618754
-0.02163500792978047
-0.021564450053622675
-0.021574287736628096
-0.02157756708698869
-0.02158052938237022
-0.021583175623773567
-0.021536022598097837
-0.02153200566733143
-0.02153375019146618
-0.02152906712100296
-0.021524045767541855
-0.02152480680068508
-0.021519112072119984
-0.02152522338812236
-0.021518858116826297
-0.021365476674436387
-0.02125374723314599
-0.021149335456573035
-0.021356144607075085
-0.021345698183966456
-0.02133467073597716
-0.02137068953437166
-0.021358155353156417
-0.021351185768958374
-0.021349679217724796
-0.021341310488589317
-0.021325902354189758
-0.02131609884722299
-0.02131179404206698
-0.02130056339930663
-0.02130123206179015
-0.021288581379286454
-0.021206725123632395
-0.021192798780079698
-0.021190868096654325
-0.021181799438322386
-0.02117201832717009
-0.021161654996683626
-0.02115043290006891
-0.02114498069057171
-0.02113882647122092
-0.021125440261531108
-0.021166515825795023
-0.021158293639206148
-0.021149357371485617
-0.021139703160505965
-0.021129183240802922
-0.021118085413211314
-0.021044203300176666
-0.021031848768123425
-0.021025264813685895
-0.02101145181527127
-0.021003431595044864
-0.021001380175033994
-0.02099193290293292
-0.020975195716747545
-0.020971014402051805
-0.020959389317463113
-0.02095378510787825
-0.02094070391458984
-0.02094030343657208
-0.020932563032910245
-0.020924105657193878
-0.020968915987207
-0.021055020214209547
-0.021177216538576345
-0.021265942746176218
-0.02134940264241808
-0.020928001704163954
-0.020583684144536287
-0.02093482287537619
-0.020918576848551716
-0.020900534152466684
-0.020880675552339356
-0.020908643257915787
-0.02081752254999497
-0.020792988806988884
-0.02078049641609634
-0.020766221801555004
-0.020863972652474493
-0.021007769480087736
-0.020846249420187646
-0.020839008275691823
-0.020838272551716594
-0.02082993075327414
-0.02086370780088666
-0.020861366049327895
-0.020776407665470693
-0.020773072941994094
-0.0207690458318906
-0.02076462339540811
-0.020752478269548985
-0.020746944587578052
-0.020740707405456166
-0.020734065979390946
-0.020733946241945328
-0.02072620285357644
-0.020717747871469412
-0.02070887690789392
-0.020706574018037913
-0.020696582610661002
-0.02069318074440677
-0.020689231902672165
-0.020684734861294612
-0.020672488364457352
-0.020666871144822244
-0.02066070042118837
-0.02065397236558677
-0.020654092238817194
-0.020646255580677595
-0.02063785215752916
-0.020628885678397112
-0.020626809565930333
-0.020616712014342953
-0.020613536086072807
-0.020609654630441017
-0.020605377161091135
-0.020593010133474473
-0.020595004794145392
-0.020581496303646397
-0.020574975855580442
-0.020505010482838378
-0.02038615081933224
-0.020384931347161614
-0.020268190012230337
-0.020488486061598997
-0.0204657234598058
-0.020449083940270212
-0.02035745956333607
-0.02033818350101772
-0.0203249585512894
-0.020360318651955506
-0.02033658136030005
-0.02024448877711375
-0.02023361371267485
-0.02022121470541801
-0.020199385408127275
-0.020326461528465605
-0.020530202714167792
-0.02065545813911203
-0.02085560687358647
-0.020389621946007224
-0.01986551576206094
-0.020403489195288546
-0.020287727901314036
-0.020280672499629546
-0.020166861570010054
-0.02008800402202172
-0.020051290652550388
-0.019933377381965985
-0.01992537667437335
-0.01980993361737248
-0.019805638214683004
-0.019692934141014366
-0.020236831868498867
-0.020789854638647756
-0.0202444498246246
-0.019606105414363133
-0.0202310060654831
-0.020224002629755225
-0.02012059405762127
-0.0200772779045348
-0.020005577320619385
-0.019968406631635374
-0.020114185986025854
-0.020343440062024216
-0.02010811003037642
-0.020092649428080082
-0.02007542318498899
-0.02005642254932628
-0.020043877740512164
-0.019990166280170165
-0.019974865479732134
-0.020040067302603534
-0.020160125584198548
-0.02016181828218819
-0.020274213139389426
-0.020022427802219838
-0.019819244380530412
-0.01956463762160625
-0.02000241698997094
-0.019993798551922435
-0.020001793687418803
-0.0199924364220555
-0.019991136432078647
-0.01998964887252136
-0.01998762824225976
-0.01998541757596951
-0.019982677418987474
-0.01998825372220414
-0.019976268898179536
-0.019981145765503344
-0.019976954641686293
-0.019972565581022988
-0.019967634431691597
-0.01997110542677039
-0.01995682816990127
-0.019959580541900564
-0.019961984500638463
-0.01984423018059187
-0.019742386408369655
-0.019621380709790012
-0.019833629400457298
-0.01982305066404599
-0.01982068798658398
-0.01981777227967663
-0.01980529854189951
-0.019801264159831564
-0.01979666664837904
-0.01979150916489795
-0.019785791058403814
-0.0197795096140065
-0.0197726568687792
-0.019765238317111217
-0.01975724675545012
-0.01967636247357948
-0.019667323057516797
-0.019666909641300422
-0.01966577570857464
-0.01965502783876576
-0.01964369403558132
-0.01965014190305974
-0.01963766412291265
-0.019624586686903193
-0.019629399211666065
-0.019615168437270278
-0.01965086255244735
-0.019644853304244588
-0.019638093327777748
-0.01963094236114453
-0.019623033895438614
-0.019624008234525075
-0.019615138544935722
-0.01960550743638932
-0.019604806049411363
-0.01960355311271477
-0.01959219471134751
-0.01958042608199541
-0.0195774680446603
-0.019573951753313383
-0.019560242853316326
-0.01955557653591621
-0.019550345235792913
-0.019544540873808625
-0.01953816787760772
-0.0195312140647515
-0.019451300145245667
-0.01944330095329142
-0.0194443193806917
-0.019435167574187222
-0.019425429287941342
-0.01942494346913166
-0.0194237195341767
-0.019412240067929645
-0.01940015978854608
-0.01939721917661036
-0.0193938966696439
-0.019389821217001748
-0.019375381974735914
-0.019380151616994565
-0.019364521478371487
-0.01936817691004149
-0.019351354667738453
-0.019343805540870274
-0.01934577313683061
-0.019337258683830273
-0.019327967085741058
-0.019266195725114083
-0.01921923366330772
-0.019145695690067743
-0.01910709270087807
-0.01900038329440769
-0.019002425870464704
-0.01888339137449766
-0.01922392372725215
-0.019197155047875513
-0.019177190437137795
-0.0191140123278357
-0.019088608811841944
-0.019188105643971193
-0.01928818364680067
-0.019419372452547455
-0.019175145152959722
-0.018958924262378305
-0.019065390428919
-0.019293120404875002
-0.01914108522711298
-0.019132002944879812
-0.01912220421261259
-0.01911168505926763
-0.019039828036591853
-0.01903876029336632
-0.019067128939664797
-0.019053981609394408
-0.019050675755810785
-0.019036074829774128
-0.019042168256411175
-0.01902612686648129
-0.019019998949049002
-0.01901336645369888
-0.019005818023796313
-0.018986818908743718
-0.018988775103178653
-0.018968295120957948
-0.018968855952539554
-0.01895770189383011
-0.018976528112928284
-0.01899409801578881
-0.01906326740443698
-0.019079750922573056
-0.018950149514121307
-0.018753158913033217
-0.018930625905795313
-0.019044698905033894
-0.01892857271552689
-0.01881572175469105
-0.018919408956534323
-0.01902292384920801
-0.01883425507482516
-0.018714111338565247
-0.01859206246541262
-0.01889702698596384
-0.018822238707930247
-0.018806845411978704
-0.01880221591146214
-0.018796965913241023
-0.018791084002051817
-0.01878457306383439
-0.018777431359250748
-0.01876965275916901
-0.018761024658407757
-0.01875196240990829
-0.018742251923350207
-0.018773240653881453
-0.018773749889633557
-0.01876215452855478
-0.018761634719953353
-0.018760290356544626
-0.0187467682419004
-0.018744172563303605
-0.01872933801798701
-0.018725474183603538
-0.018721196733122336
-0.01871607395499292
-0.01869861022336276
-0.01863265225993096
-0.018614006501850466
-0.018606465741993518
-0.018610309324920887
-0.01860150557376198
-0.01859226295977993
-0.018582157308774924
-0.018571394932285604
-0.018572133736228867
-0.01857225866805585
-0.018547575242683252
-0.01854642255329876
-0.018532392005377683
-0.018529975824383742
-0.01852693219242302
-0.018510922974049222
-0.018506600476442234
-0.018501642271201983
-0.018508245296316696
-0.018531698819337385
-0.018524872621515906
-0.01844543540905627
-0.018437462239307117
-0.01842884090570441
-0.018431922859313884
-0.01842201711423084
-0.018411452772913398
-0.018412662871469948
-0.018400798454254446
-0.01838825994785647
-0.018387571562749613
-0.01837371549810758
-0.018371755280313946
-0.01835656622236512
-0.018353318714258538
-0.018349665947742972
-0.018345153358293655
-0.018327287004799485
-0.01832146454826577
-0.01832798413195081
-0.018308106884492553
-0.018300336773444007
-0.01833394393232879
-0.018329039870863418
-0.018323547349313643
-0.01831745237447049
-0.0183107629248578
-0.018290301634582413
-0.0182953544655992
-0.01828685774977589
-0.018277751490297534
-0.01828108271242352
-0.018270773059038403
-0.018259844124145296
-0.018261438320280134
-0.018249299009482845
-0.018249720877975623
-0.018166283039549754
-0.018165659106569056
-0.018151178270975066
-0.018149363420194718
-0.01813363147577994
-0.01814421557220741
-0.01812725256741278
-0.018123060761455513
-0.018159019694918448
-0.01815390167750132
-0.01814795453544118
-0.01814140546461019
-0.018120686054328067
-0.01812671830806789
-0.018118345434579596
-0.018109357240120753
-0.01811366150877431
-0.018089757987426746
-0.018092878721141768
-0.018081434888135784
-0.018083392438764785
-0.01807071964325963
-0.018071495159772362
-0.018057581031582566
-0.018057174290893634
-0.01804200531149525
-0.018040399181132566
-0.01796798216623016
-0.01795105897184161
-0.017947779692948217
-0.017943904167563852
-0.017939190521929674
-0.017934110207090948
-0.017928425175910673
-0.017907678176260444
-0.017900745442348782
-0.01790747705691662
-0.017899343188193504
-0.01789059281042993
-0.01789558488168979
-0.01788562024117095
-0.01786034612806285
-0.01786355279711448
-0.017851690446388853
-0.01788062301985791
-0.017882084728846226
-0.01786837160778413
-0.017868634346470534
-0.0178536623470814
-0.0178527199188637
-0.017866144436467182
-0.017849308149838296
-0.017776024873764375
-0.01775802446926202
-0.01775419913895139
-0.01774977047105477
-0.017729820277423786
-0.017739327534427834
-0.017733068634841316
-0.017726187710070125
-0.01770365349867965
-0.017710817421639238
-0.017702071472082068
-0.017692695290195366
-0.01769810684183599
-0.017687499506371208
-0.017676507520044845
-0.017664624619165528
-0.017652093051618255
-0.017654505759129007
-0.01764071665757712
-0.017641926881767463
-0.017626863296615048
-0.017626863227913663
-0.017610509818012654
-0.01760928878166546
-0.017607462338616226
-0.017535902967281195
-0.017628831847460627
-0.017650256152055146
-0.0177308173783704
-0.017599642655835367
-0.017399797905964666
-0.01726978685904375
-0.01760856810636073
-0.01759112841340207
-0.017541952265511272
-0.017502756856651733
-0.017560109476225508
-0.01757239392173373
-0.017598967147820447
-0.017669190373821288
-0.017693666704990164
-0.01778545735658027
-0.017465143191698458
-0.01747722039811767
-0.01752500256431626
-0.017520066190271622
-0.017531286864009996
-0.01752570005224983
-0.017519776260726226
-0.017467732423494933
-0.017439095317154877
-0.01733595599127484
-0.017444767366890414
-0.017415232752344828
-0.01743662673251704
-0.017422730557126086
-0.01744393872150239
-0.01741202096455254
-0.017433051040908573
-0.01741686818341183
-0.01739789890260152
-0.017420400019634536
-0.017401349403376547
-0.017405525331246584
-0.01735470275615651
-0.01740546427290324
-0.01735268669444534
-0.017355265457361383
-0.017365718764341967
-0.017350593389848838
-0.01736039168729544
-0.017344537198354167
-0.017353689590743876
-0.017255474397188806
-0.01734521731954325
-0.0173142108249334
-0.01722667320139274
-0.01730225089201264
-0.017230790716606513
-0.01730628893301101
-0.017216112700916848
-0.017291517758967923
-0.01721753299782097
-0.01718012991640883
-0.017285731191447284
-0.017178021328046578
-0.01720754332745514
-0.017191993401811573
-0.01716181744304976
-0.01716882825175599
-0.01717350349437618
-0.01716202078442316
-0.01714779399473429
-0.017157565846002084
-0.017156234924167506
-0.0171644376915013
-0.017145055272906117
-0.017151590335869504
-0.01714430779515122
-0.017155084381807253
-0.0171280466076105
-0.017098227155582547
-0.01712893504734261
-0.017033775794141236
-0.0171279043239472
-0.017031373409348377
-0.017106763892888063
-0.01709628986808458
-0.017102939983445888
-0.017091248525584805
-0.017116346029395733
-0.016991937622148772
-0.01706904219832356
-0.017001424861515138
-0.016963374837704322
-0.016989846365578796
-0.016969495698598607
-0.016976826519841542
-0.01695531841500347
-0.016981362139911336
-0.01695874484191801
-0.016929885388243388
-0.016916921249812512
-0.01691032688519527
-0.016915768474900016
-0.01692812465242814
-0.01691325860970112
-0.01692505958548894
-0.016909666893499268
-0.016869623195802146
-0.0169039638908038
-0.016882205236574153
-0.01689686708123229
-0.016873604939856308
-0.016908262787717895
-0.016883566790514688
-0.016822134403542677
-0.01687137782133354
-0.016808098338715074
-0.016877859274524447
-0.016812824366130057
-0.016786730382038408
-0.016823120518382376
-0.01678818876352178
-0.01676867420482491
-0.016767536287691558
-0.016767574808642764
-0.01676589151044542
-0.016765121135511117
-0.016745779489000728
-0.016740298541267233
-0.016740322477122135
-0.016732724234712393
-0.01673293037587245
-0.016724149932693264
-0.016701093383917783
-0.016713732389201735
-0.016689595739602027
-0.016701573566162385
-0.016697411598582835
-0.0166882725685616
-0.01668309025126963
-0.016715542121044185
-0.016688227689887106
-0.01669948731753818
-0.01667105146763117
-0.01670295896107693
-0.016544532594353945
-0.016683324749299993
-0.016632105913220355
-0.016529793930333454
-0.016628649277419492
-0.016546747712215027
-0.016602412841263972
-0.016540677741790043
-0.016596098800281876
-0.016533208550277834
-0.016610259309333037
-0.016591735760252618
-0.016601209929265344
-0.01658153026096272
-0.016612753223670867
-0.016569876010950123
-0.016600917143915057
-0.01657896850762272
-0.016587628093258647
-0.016478972221246682
-0.016594294781059164
-0.01648252817212079
-0.016599646516392206
-0.016462182025559494
-0.016581253515791157
-0.016485291445763637
-0.016583874569397868
-0.01648479488533442
-0.01644765880548778
-0.016419061681659557
-0.016465741557480876
-0.016422706210482387
-0.01643635247711355
-0.016414700876751842
-0.016324056023908982
-0.016404411172760973
-0.016335806563015132
-0.016393000897943166
-0.016390709173595176
-0.016403151369299134
-0.01639990369162658
-0.016388927070976497
-0.016308265573797328
-0.016395993384720756
-0.016290147925390297
-0.016378477328738955
-0.016293925316375094
-0.016382825771550872
-0.016272878886062117
-0.016362395250518875
-0.01627387565609594
-0.01623522581006977
-0.01627244958073074
-0.016232035498812525
-0.016336674914771643
-0.016227785432070027
-0.01630876194368794
-0.016221803355793624
-0.0163274511030154
-0.01621440392647948
-0.016320570495999095
-0.016230052550776686
-0.016312259048056582
-0.016219890442164302
-0.016327050324363965
-0.016208269545453725
-0.016315964891463475
-0.01611358705581861
-0.01630253687373077
-0.01609593215263274
-0.01631243288116953
-0.016169442295210695
-0.016089359000727024
-0.016147326156905697
-0.01609112172938372
-0.016173902655542527
-0.016066168719297953
-0.016133880734998007
-0.016090243730371604
-0.016107528162804634
-0.016155189492088086
-0.016105152432506997
-0.016125928847865345
-0.016126696671477102
-0.016120800800774226
-0.01609588877829972
-0.01602452155556708
-0.016088711180789785
-0.01598851674992434
-0.016105710429576984
-0.016002829026256486
-0.015993060991615134
-0.015988662339515108
-0.01597721457366133
-0.01599902374465652
-0.015959519535624866
-0.015981983028487322
-0.015940664303623394
-0.01598964828755375
-0.01594661667731133
-0.01599599295241218
-0.015978008622083394
-0.015974613747667774
-0.015954877854932593
-0.01591150930498388
-0.015922747067291895
-0.015910236198378603
-0.015893941205795886
-0.01590758124755411
-0.015890447663443844
-0.015903890471742236
-0.015885556808693545
-0.01589843624376219
-0.015906746712414124
-0.01580549792753738
-0.015898469610500832
-0.015822539420668726
-0.01588875354274213
-0.01581045337558052
-0.015877587025867196
-0.01575780273509406
-0.015892854761562974
-0.01577093820950402
-0.015878867060982207
-0.015754604873929403
-0.01589149143110147
-0.015755638207848904
-0.015874166774899078
-0.01576315569152806
-0.015855323023339186
-0.01571297303055086
-0.015863080300904612
-0.0157166573796362
-0.01584096157956508
-0.015718622221896843
-0.015742469539037504
-0.015718190109503597
-0.01561476458333332
-0.015716016649059254
-0.0156767633408893
-0.015712069327026738
-0.015700585941396318
-0.015707095488758822
-0.01569413367059544
-0.015618030851730049
-0.015586982231089579
-0.015578188905942944
-0.01557557911214862
-0.015547968201321814
-0.015591870696356265
-0.015563232819511523
-0.015549561161371668
-0.01554730332322239
-0.015562490982702291
-0.015559697993937157
-0.015544242041445342
-0.01554085837640733
-0.015554480370025204
-0.01555055502385571
-0.01552174371516119
-0.015558426877766608
-0.015497340720434093
-0.015477381683273683
-0.015501261894451454
-0.015480599611569343
-0.015503834742197114
-0.015492517637061682
-0.01544224924391992
-0.01552267750498904
-0.015440649103493078
-0.01544961167858296
-0.015474817368352538
-0.015475348672608915
-0.015469219652231084
-0.01546951359547986
-0.015462201871324792
-0.015375644937452653
-0.015378920007496953
-0.015463249193758922
-0.01536809756180163
-0.015451774089829852
-0.015355408041088522
-0.01543883183369798
-0.015406952694094018
-0.01531844012373883
-0.015423273589305696
-0.01533317744798124
-0.015323661937593498
-0.015313590994442442
-0.015303294036361709
-0.015292440506471107
-0.015314265118197126
-0.015305354346763066
-0.015272645197163556
-0.01528006158634515
-0.015312352989845245
-0.015286435067360448
-0.015284770963823762
-0.015283026434292371
-0.015223455559247768
-0.015251802932499132
-0.015257849819509579
-0.015252643069222745
-0.015219152549539563
-0.015237136036685405
-0.015250216616794553
-0.015200019698464545
-0.015212333640243294
-0.015193776475629188
-0.015217451935024084
-0.015115490921113098
-0.015175234006883687
-0.01520464567293978
-0.015200031953124957
-0.015194423685356147
-0.0151018004785908
-0.015094386189578196
-0.015122459176193783
-0.015114490875872574
-0.015072168175145529
-0.015096444605089732
-0.015074211001308655
-0.015112545168445379
-0.015054940552885731
-0.015088932214970553
-0.015082696161358352
-0.015080684540842722
-0.015094707267913777
-0.015091729390157297
-0.015031567332792567
-0.015065917358160937
-0.015061650863575273
-0.01504358832241203
-0.015032586228880224
-0.0150133113940442
-0.015037844636824683
-0.015017480172006182
-0.01503384990023824
-0.015031307282097988
-0.014998952027788797
-0.015031875793721882
-0.014998857300695589
-0.015031040579839396
-0.01499735177219689
-0.014966022740690262
-0.014987850384183425
-0.014997909778660647
-0.014944927929721016
-0.014991140335116757
-0.014975019602735966
-0.014878303759557102
-0.014874162543644312
-0.014867081446077667
-0.014862035048642568
-0.01495632364880322
-0.014848394914995228
-0.014942365242370723
-0.014935368714967878
-0.014865394892371145
-0.01484307090562058
-0.014847053492339701
-0.014823471593505414
-0.014801311027020684
-0.014802104059921066
-0.014796634578551925
-0.01477003456952612
-0.014811177536597425
-0.014822459730941996
-0.014790054444033203
-0.014795445445790565
-0.01480104070401722
-0.014757553238532579
-0.014743560032970166
-0.014765740405329875
-0.01479077048777929
-0.0147730407445208
-0.014757389774787834
-0.014754513201521581
-0.014746194260078694
-0.014757924561428522
-0.01474877798300654
-0.01471948304492888
-0.014780382728341897
-0.014719781313924889
-0.014725372383767579
-0.014736607898094663
-0.014762606732626936
-0.014732201053022573
-0.014716887109636572
-0.01472682107055917
-0.014751587602756895
-0.01468100392175875
-0.014624352235901594
-0.01463337252942145
-0.014610290695929385
-0.014663071985034951
-0.014638835173882519
-0.014672007454447784
-0.014582323839142455
-0.014580011627898803
-0.014554639502696004
-0.014561967292420729
-0.014577897813868649
-0.014584605432933714
-0.014599916552904253
-0.014563617149340922
-0.01454509323122149
-0.01454673024799893
-0.014524148114457139
-0.014564269198409115
-0.01454064289389392
-0.014580529979930616
-0.014555842678269221
-0.014510169546884286
-0.014497152365038244
-0.01449219613962085
-0.014490381274675172
-0.014502354418518883
-0.014455977266864073
-0.014511172964106636
-0.014463868395912677
-0.014474654994770304
-0.014470395913669961
-0.014476418270707154
-0.014384535133025894
-0.014479707343885713
-0.014341807181438288
-0.014481609255597265
-0.014449689778974635
-0.014482117930546892
-0.014345064002085727
-0.01434908639161008
-0.014341816529215288
-0.014407039970190647
-0.014399114449554514
-0.014401718941626004
-0.014393042758588074
-0.014394947180264355
-0.014385517669429158
-0.014386696943158172
-0.014365043647760645
-0.01434601936263644
-0.014352221217379611
-0.014295024545228107
-0.014331441876128304
-0.014280023528110884
-0.01431491290170026
-0.014316290006736142
-0.014324812351915645
-0.01427374169702461
-0.014304201424492576
-0.014251974173678886
-0.014281973826341813
-0.014276737963370815
-0.014258123872932602
-0.01425845878853261
-0.014239742478646482
-0.014230812263812556
-0.014227393683961741
-0.014234833120354793
-0.01419667657122015
-0.01420331530419526
-0.014262034866278396
-0.01421938727323263
-0.01414113740656751
-0.014136978278031972
-0.014216118408233726
-0.014099139168486933
-0.01417786379368826
-0.014221129949073963
-0.01413151980266078
-0.014180212548135502
-0.014089319083454496
-0.014130329356374085
-0.0141170774551308
-0.01408505560400229
-0.01412155553890493
-0.014055853786622514
-0.01407332842147917
-0.014107680949799799
-0.014058907386412701
-0.014056040550261635
-0.014070601389358305
-0.014054008193542696
-0.014067159178789998
-0.014044224007943421
-0.014062456372199161
-0.013985807548110912
-0.014004025910596424
-0.014029875607131426
-0.014048072525836784
-0.014020731543046849
-0.014038932567166108
-0.014012778097912093
-0.014008259316673245
-0.013998707328128907
-0.013993606593371816
-0.01402813488016052
-0.01397784693227497
-0.01397271969606032
-0.014013645999770315
-0.01399845130049614
-0.01399469941123211
-0.013976658832665276
-0.013868344635228637
-0.013953087482414526
-0.01389722734336408
-0.013982043555617078
-0.013924874798822953
-0.014009769748235541
-0.013896748478412982
-0.013888384155203484
-0.013851503658311243
-0.013863296762305468
-0.01387435371540546
-0.013885998133440481
-0.013840347630287086
-0.013850140704024683
-0.013922338052139157
-0.013813064109943715
-0.013941023336761785
-0.013817013037671556
-0.013958138499674044
-0.013832022232445602
-0.01391778785695274
-0.013810609002539121
-0.01377755190597742
-0.013764935890929112
-0.013795515129446594
-0.013774478754905782
-0.013747071289382328
-0.013782656010510857
-0.013754377554594827
-0.013789459268111518
-0.013780600912474532
-0.013743436652283997
-0.013771835725432485
-0.013745449171519337
-0.013714885919579785
-0.013746068335072288
-0.013714735475115493
-0.013686357775951927
-0.01371313763527289
-0.013743553164708523
-0.01363059021979762
-0.013739303674547577
-0.013624077286090183
-0.013733563164473208
-0.013676209726127134
-0.013638613380405054
-0.01366600349610354
-0.013626673896323136
-0.013600970772844124
-0.013579382394580598
-0.01359791085570588
-0.013618790680431321
-0.01358227853565356
-0.013602106549243615
-0.01360753765086192
-0.013583592560918466
-0.013550871609275983
-0.013563474429831053
-0.013541521433005375
-0.013604272947777593
-0.013606369315738736
-0.013640809524024248
-0.013581916652658968
-0.013616061268137788
-0.01353776454935229
-0.013545922161868203
-0.013571721181620408
-0.013515164867967382
-0.013540376372687832
-0.01354643624437475
-0.013527104271001728
-0.013576939174279917
-0.013491811780337594
-0.013484144764762934
-0.01351941042335194
-0.01351025254235925
-0.013545143986233807
-0.01346947135586121
-0.013528027621750387
-0.01349195485132481
-0.013484764821528784
-0.01349928220035558
-0.013441133233861806
-0.013451950170018706
-0.013473688634789862
-0.013402753675813249
-0.013423895035419551
-0.013485604815993006
-0.013506225642750358
-0.013433341633677109
-0.013371908121797135
-0.013446620895070713
-0.013383016122516493
-0.013341310864207279
-0.01339312635259563
-0.01340994350037485
-0.013317175829389294
-0.013375202783968082
-0.013322626374441532
-0.013310670415356572
-0.01325708506918153
-0.013313696436111137
-0.013328633163615676
-0.013314689570064937
-0.013283960644479193
-0.01327635773778298
-0.013281776170287817
-0.013273154236145121
-0.01326824450352663
-0.013231056455646241
-0.013262864333881708
-0.013295552581844996
-0.013255353644453573
-0.01330742442346196
-0.013246858935496266
-0.013226201125217515
-0.013308303606699936
-0.013286778988960976
-0.013215116165874806
-0.013266254759452086
-0.013200588726564634
-0.013213051799978212
-0.013183804993470754
-0.013195211069707067
-0.013213853354391862
-0.013162635902987175
-0.013193072522505294
-0.013274670219327775
-0.013121638414103982
-0.013176532151770564
-0.013170595481857016
-0.013225339028456424
-0.013068540113604329
-0.013198474752795165
-0.013114906239064335
-0.013131763945125238
-0.013144894540649977
-0.013176868248982104
-0.013071354758827265
-0.013081182023873827
-0.013126020469836276
-0.013120771316670063
-0.01308877883555436
-0.013005021152303932
-0.013050375756080479
-0.013041843952318057
-0.013087336122238462
-0.013077429559925335
-0.01302741855206323
-0.013033701109119548
-0.01306039561700733
-0.0129894373585475
-0.013013479283453047
-0.013019453955810572
-0.012979899842395368
-0.012968872034149696
-0.013007535040356157
-0.013004590555390393
-0.013033734299036311
-0.013029741118955994
-0.01305868146751823
-0.013053609336873611
-0.012921033560674495
-0.013009189794301363
-0.012978686480441976
-0.012947984223726158
-0.012997800160184992
-0.01297905971682989
-0.012933929553838118
-0.012913795270109042
-0.01295987883710624
-0.012903240448140238
-0.012890992137733417
-0.012973941291943835
-0.012862387916215167
-0.01290137387840596
-0.012872272440668572
-0.012910883273255052
-0.012880818740530198
-0.012834981515248776
-0.01294587183206587
-0.01279963241799474
-0.012951319821509061
-0.012803232362556179
-0.012870562960036884
-0.012805400380599997
-0.012828709485394281
-0.012821782091189815
-0.012826623995720576
-0.012820031281867511
-0.01282305623186736
-0.012816800898051824
-0.012817974105807034
-0.012812068360894996
-0.012811386674863482
-0.012805828986930267
-0.012803251914375003
-0.012767712280210394
-0.012757121694264593
-0.012756232588227022
-0.012745492112996762
-0.012821396445672007
-0.012732175590989643
-0.012806830080811174
-0.012691333181220836
-0.012790143531287088
-0.012763446805095165
-0.012771847631614723
-0.012743521126188286
-0.012753939397227881
-0.012721448385104656
-0.012730548454552224
-0.012697689204374729
-0.012705464448591951
-0.012635418508275915
-0.012678063643205267
-0.012605961424517777
-0.01264889554586411
-0.012574738776332403
-0.0126492312224199
-0.012584375110740346
-0.012673950991147672
-0.012643558249289075
-0.012638875264333571
-0.012665616307480101
-0.012601954864233935
-0.012593629198471602
-0.012658823522326446
-0.012569434268840586
-0.012526943694458566
-0.01252526216678045
-0.012584805716546757
-0.012573206917172572
-0.01259522069835174
-0.012527316220455593
-0.012548485940340364
-0.012537140761409975
-0.012557364226519901
-0.012683129100235158
-0.012558494648227055
-0.012632119378215947
-0.012504359474437001
-0.01257904736563358
-0.012448072923752065
-0.012495715339156365
-0.01244570178161047
-0.012436578616314847
-0.01248472925586702
-0.012460750968958191
-0.012421711095255321
-0.012498327136099826
-0.012458587269238713
-0.012463919798089378
-0.012391324043022116
-0.012452734882268052
-0.012424152121576394
-0.012353679415647778
-0.012456302862188491
-0.012278555305404892
-0.012429721696196527
-0.012409435640220451
-0.012351874305066362
-0.012330427714675652
-0.012342207035381969
-0.012314697736548953
-0.012366850782584432
-0.012443567254778005
-0.012389367460889013
-0.012360211831985714
-0.012411347842252533
-0.012381398287970646
-0.0124311836017361
-0.012400403399576758
-0.012327127689449791
-0.012418605561162128
-0.012306017794308064
-0.0122567773031719
-0.01231974070197105
-0.012156661736749045
-0.012218481715233428
-0.012274082164313247
-0.012293087574473243
-0.012278304360082651
-0.01227963303694752
-0.012274639245789946
-0.01225315150952746
-0.01226904691114214
-0.012257244234735946
-0.012261933142385073
-0.01224870416149768
-0.01226438190339484
-0.012238577808569918
-0.012254151711516836
-0.012238110062178007
-0.01231094175891979
-0.012224832643031015
-0.012205250813013067
-0.012189644369920948
-0.012199089524876808
-0.012193820395004546
-0.012191293044041986
-0.01218491102114005
-0.012193541089382101
-0.012186087043926732
-0.012182630010465965
-0.012174018041191606
-0.012181823713498791
-0.012172143867352408
-0.012140082594249544
-0.01216824209695522
-0.01214590149919308
-0.012132972063509283
-0.012125965274088761
-0.012123848083385347
-0.012116350122569177
-0.012113147586404699
-0.012129174368969943
-0.012112825815502427
-0.012116468389146573
-0.012098964271144012
-0.012114194853866934
-0.012095519661242138
-0.012021610799771336
-0.012102421004372942
-0.012014335930824955
-0.012003656357481067
-0.012017511009877774
-0.012005717433203852
-0.012062160968594885
-0.011993752499251841
-0.012062333991984222
-0.01199273090852958
-0.012061005117585347
-0.011954317705909406
-0.012045149092760473
-0.011961209747620851
-0.011952785590497348
-0.011953490289650023
-0.011944235729550192
-0.01194416856642674
-0.01193409099230097
-0.011946068947115428
-0.011935185687563597
-0.011933576164485248
-0.01193484804584679
-0.01193241347186478
-0.01193290461436566
-0.011931137306494446
-0.011929030687044522
-0.011925099078097759
-0.01192267978627088
-0.011930193713589322
-0.011926779970623214
-0.011885524497507783
-0.011916025387879628
-0.011887718412585842
-0.011917071949606367
-0.011874964993088443
-0.011868149166277618
-0.011874058867993963
-0.01186617198208371
-0.01186831184376028
-0.011862191570439906
-0.0118621658265965
-0.011855115948466508
-0.011853990625495851
-0.011845819322086512
-0.011857926456655184
-0.011834908747440283
-0.01184658207449909
-0.011836205117850353
-0.011847492757413149
-0.011835974821057034
-0.011832922798424288
-0.011820263633732384
-0.011830676326556842
-0.011831012283623652
-0.01180621751251089
-0.011826123088311467
-0.011786900144834774
-0.011805513332686235
-0.01178005291513916
-0.0117076701195098
-0.011697251015236538
-0.011694193466379177
-0.011697679960126096
-0.011693670627242888
-0.011696556590834914
-0.011691558416022135
-0.011693774814197802
-0.01167323373652943
-0.011689583403214432
-0.01168263406153799
-0.011683819543420789
-0.011675850210112752
-0.011691197044537601
-0.011667445207468596
-0.011682292676499487
-0.011672320786375341
-0.011630372606824656
-0.011660114801657726
-0.011615276765052621
-0.011613375804231907
-0.011612932108066023
-0.011609947311934807
-0.011609048146824435
-0.011589662035201833
-0.01160357459208886
-0.011582972935727257
-0.011611960257037219
-0.01159019573267326
-0.011587913849030964
-0.011580404792041631
-0.011577607943121213
-0.011568928685536464
-0.011581431768720684
-0.011571540118756704
-0.011567900071498105
-0.011556817638751344
-0.011584320585389225
-0.011556354009433735
-0.011567591393980049
-0.011570183399523159
-0.011565136727985682
-0.011550587541746347
-0.011476923520640388
-0.011544576681401587
-0.011483454986353071
-0.011552992269984868
-0.011455843657072237
-0.011442559482631676
-0.011458316837050982
-0.011443672821283887
-0.011442807553078952
-0.011443307950410014
-0.011425376628289546
-0.011424752058908185
-0.011423368928880077
-0.011437899461018619
-0.01141536402753604
-0.01143239475106057
-0.01140816923935456
-0.011401087632116872
-0.011398987114556211
-0.011408149101691871
-0.011405380845630024
-0.011396553357387157
-0.011393067345996015
-0.01138325578418785
-0.011376095983128224
-0.011352865300560261
-0.011358981547618286
-0.01135194552095335
-0.011357622226098929
-0.011366932439038722
-0.011354683595286151
-0.011345354078186968
-0.011350085147342186
-0.011338532033012235
-0.011316218451870865
-0.011312040107707757
-0.011306372583559232
-0.011301608809866814
-0.011294977678738043
-0.011307476100615495
-0.011299901718524524
-0.011311855939330715
-0.011285255784921566
-0.011219327923786578
-0.01128671521641245
-0.011219001722872298
-0.011286664185584667
-0.011217121554755781
-0.011285020316290908
-0.011183698971496027
-0.011281698701633232
-0.011196268079861299
-0.01127672558880753
-0.011188700986096669
-0.011270088196581199
-0.011179477523669226
