-0.08130223679602623
-0.07893615983226931
-0.07631290814997996
-0.07394289787750465
-0.07157765620054045
-0.0693354434208869
-0.0674166881617974
-0.06540194841468054
-0.06361911761086013
-0.06159517438375351
-0.060109383934020134
-0.058611040648415304
-0.05704767209321287
-0.05555461670323974
-0.0541418855547381
-0.052812411307119264
-0.05154592774157359
-0.0502685290088613
-0.04909947152051397
-0.04795796514512932
-0.04691548652854444
-0.04589967603613519
-0.04494137379299287
-0.043792277559843364
-0.042930061491287
-0.04202208264970464
-0.04112929277177773
-0.04026979574653108
-0.039445815935839436
-0.03866341809983858
-0.03785704409008579
-0.03712430139079591
-0.03642056172971278
-0.03568657679413176
-0.034960910580809176
-0.03430149591386601
-0.033604035165881535
-0.03302040786097582
-0.03242283191975348
-0.03181942162670576
-0.03125088085410534
-0.03068067634264608
-0.030116548608217938
-0.02952660292332986
-0.02898054899930886
-0.0285171777174895
-0.02800100575082507
-0.027520087091861656
-0.026972476928461084
-0.026555279134601175
-0.02607287564107856
-0.025622532961210257
-0.025174447129649617
-0.024734923989115445
-0.024312951394142298
-0.023876210133239012
-0.02346915793954999
-0.02305567293940863
-0.022650268270449688
-0.022302444164739317
-0.02190670257587713
-0.021506637806732037
-0.02119063951147565
-0.020816436271499917
-0.020438305450519695
-0.020085646808351548
-0.019795396034411643
-0.019462089483724278
-0.019125045398053354
-0.018783458537080317
-0.018433873631690287
-0.01812097564296926
-0.01784030173652857
-0.017565401111818306
-0.01718846678605435
-0.016804200661866768
-0.01666703690339866
-0.016460136460911528
-0.016001506766194072
-0.015793066302837697
-0.015659997239248814
-0.015213760853729837
-0.015049228345916684
-0.014816597842086379
-0.01442811920584847
-0.014276571307790623
-0.013826375138972889
-0.013551096464068033
-0.013686069839027521
-0.01349696067804482
-0.012401494541376424
-0.012555036593868519
-0.012707061200196205
-0.012815709947417016
-0.011742926587422271
-0.011930130824115913
-0.011977019849738223
-0.011809027595410459
-0.010881705450041744
-0.011004464238071556
