-0.026226216624515554
-0.02572218538831242
-0.025179819116474746
-0.02459787183611645
-0.0240833482969626
-0.023533472933785653
-0.023011398635232858
-0.0225389413305997
-0.02202991409270002
-0.021555604781752762
-0.0211041479459012
-0.02062371414704652
-0.020218229039632364
-0.019745511805253187
-0.019327491353403732
-0.018895580261962065
-0.018506051996578416
-0.018195947403038887
-0.017728121638490187
-0.01733589802289824
-0.01694962271220508
-0.016670851109142147
-0.016146575742012104
-0.015897884104401506
-0.015452266119831701
-0.015200202971784831
-0.014965206229168065
-0.01448026016242577
-0.0142024975934003
-0.013968906414963778
-0.014147411333133068
-0.01367382875781703
-0.012286688659940278
-0.012143832850096998
-0.011990312364062812
-0.011852384373107837
-0.011686672960996057
-0.011583230506550983
-0.01108577603267884
-0.010967524763522788
